  -4.0759137e-01  -2.6766530e+00  -4.5616919e-01  -3.1499233e+00  -4.2124850e-01   2.6801225e+00
  -4.0569297e-01  -2.6565825e+00  -4.5961331e-01  -3.1513070e+00  -4.0441944e-01   2.6858522e+00
  -4.2750678e-01  -2.6697735e+00  -4.6492212e-01  -3.1194604e+00  -4.1828240e-01   2.6725851e+00
  -4.1720372e-01  -2.6563078e+00  -4.7660043e-01  -3.1342922e+00  -4.0712032e-01   2.6663467e+00
  -4.2228939e-01  -2.6731605e+00  -4.6640134e-01  -3.1399343e+00  -4.2179734e-01   2.6774234e+00
  -4.2034485e-01  -2.6656219e+00  -4.6965936e-01  -3.1375434e+00  -4.2224205e-01   2.6749365e+00
  -4.2001549e-01  -2.6692021e+00  -4.6460810e-01  -3.1344467e+00  -4.2398263e-01   2.6770344e+00
  -4.2239314e-01  -2.6752495e+00  -4.6252526e-01  -3.1444470e+00  -4.2875901e-01   2.6812288e+00
  -4.2184773e-01  -2.6719099e+00  -4.6735351e-01  -3.1260476e+00  -4.2136986e-01   2.6877699e+00
  -4.2037613e-01  -2.6658075e+00  -4.6783526e-01  -3.1350857e+00  -4.2474724e-01   2.6782927e+00
  -4.2048028e-01  -2.6664238e+00  -4.6846531e-01  -3.1341673e+00  -4.2579072e-01   2.6768477e+00
  -4.1873553e-01  -2.6656730e+00  -4.6996379e-01  -3.1349931e+00  -4.2329947e-01   2.6744109e+00
  -4.2986170e-01  -2.6564992e+00  -4.7251512e-01  -3.1314859e+00  -4.3002381e-01   2.6743362e+00
  -4.2256201e-01  -2.6622317e+00  -4.6873088e-01  -3.1370532e+00  -4.2560722e-01   2.6751735e+00
  -4.1917405e-01  -2.6648463e+00  -4.7054850e-01  -3.1346120e+00  -4.2302141e-01   2.6751502e+00
  -4.2360473e-01  -2.6646430e+00  -4.6768502e-01  -3.1315487e+00  -4.2377225e-01   2.6745500e+00
  -4.2158208e-01  -2.6585919e+00  -4.8290397e-01  -3.1295447e+00  -4.2246232e-01   2.6817559e+00
  -4.2098074e-01  -2.6637177e+00  -4.7604656e-01  -3.1448654e+00  -4.4662013e-01   2.6653851e+00
  -4.3491927e-01  -2.6682303e+00  -4.5517153e-01  -3.1293659e+00  -4.3731772e-01   2.6901161e+00
  -4.2136166e-01  -2.6559846e+00  -4.7604089e-01  -3.1249698e+00  -4.2448137e-01   2.6783702e+00
  -4.2314580e-01  -2.6605257e+00  -4.7068166e-01  -3.1326593e+00  -4.2660271e-01   2.6738825e+00
  -4.2457471e-01  -2.6612633e+00  -4.7107017e-01  -3.1330136e+00  -4.2576840e-01   2.6750227e+00
  -4.2422837e-01  -2.6619136e+00  -4.7827413e-01  -3.1440259e+00  -4.3917484e-01   2.6767380e+00
  -4.2559284e-01  -2.6595782e+00  -4.7196428e-01  -3.1299719e+00  -4.2719299e-01   2.6686297e+00
  -4.2516234e-01  -2.6601996e+00  -4.6797482e-01  -3.1340338e+00  -4.2725286e-01   2.6729558e+00
  -4.2665659e-01  -2.6571348e+00  -4.7051980e-01  -3.1313566e+00  -4.2955566e-01   2.6712928e+00
  -4.3212855e-01  -2.6438196e+00  -4.7086532e-01  -3.1542644e+00  -4.1885028e-01   2.6709175e+00
  -4.2589537e-01  -2.6587333e+00  -4.7431356e-01  -3.1333409e+00  -4.2815915e-01   2.6733312e+00
  -4.2851741e-01  -2.6603966e+00  -4.7568909e-01  -3.1303632e+00  -4.2963608e-01   2.6709175e+00
  -4.2937219e-01  -2.6573712e+00  -4.7604028e-01  -3.1416884e+00  -4.2623439e-01   2.6677246e+00
  -4.3896931e-01  -2.6426444e+00  -4.7069447e-01  -3.1477091e+00  -4.2965452e-01   2.6657404e+00
  -4.2641585e-01  -2.6536560e+00  -4.7384834e-01  -3.1325031e+00  -4.2561305e-01   2.6730934e+00
  -4.1655383e-01  -2.6444543e+00  -4.7803254e-01  -3.1194169e+00  -4.3966898e-01   2.6769976e+00
  -4.2067810e-01  -2.6530702e+00  -4.7438680e-01  -3.1324780e+00  -4.3393589e-01   2.6704112e+00
  -4.1816019e-01  -2.6568133e+00  -4.8977571e-01  -3.1313975e+00  -4.2346675e-01   2.6710772e+00
  -4.2955911e-01  -2.6486681e+00  -4.7425882e-01  -3.1303274e+00  -4.2975340e-01   2.6686846e+00
  -4.2761325e-01  -2.6536839e+00  -4.7695426e-01  -3.1312026e+00  -4.3360824e-01   2.6699451e+00
  -4.2419418e-01  -2.6511677e+00  -4.7805212e-01  -3.1338346e+00  -4.3243724e-01   2.6720457e+00
  -4.2433815e-01  -2.6514552e+00  -4.7505081e-01  -3.1284100e+00  -4.3200412e-01   2.6693956e+00
  -4.3882405e-01  -2.6462372e+00  -4.7848838e-01  -3.1208779e+00  -4.3004272e-01   2.6791234e+00
  -4.2991596e-01  -2.6501114e+00  -4.8768234e-01  -3.1387009e+00  -4.2164609e-01   2.6695493e+00
  -4.3013791e-01  -2.6515139e+00  -4.7639286e-01  -3.1276691e+00  -4.3220120e-01   2.6664202e+00
  -4.2704611e-01  -2.6476233e+00  -4.7785600e-01  -3.1286627e+00  -4.3676709e-01   2.6691706e+00
  -4.2988962e-01  -2.6598858e+00  -4.8406676e-01  -3.1180841e+00  -4.2789801e-01   2.6588419e+00
  -4.3059755e-01  -2.6485147e+00  -4.7901239e-01  -3.1271854e+00  -4.3212159e-01   2.6690829e+00
  -4.2911294e-01  -2.6458318e+00  -4.8080031e-01  -3.1294672e+00  -4.3183916e-01   2.6657512e+00
  -4.4155775e-01  -2.6444372e+00  -4.9506914e-01  -3.1179826e+00  -4.5609429e-01   2.6748446e+00
  -4.4682616e-01  -2.6572998e+00  -4.6915229e-01  -3.1176573e+00  -4.2747305e-01   2.6610429e+00
  -4.3096427e-01  -2.6468305e+00  -4.7963332e-01  -3.1290905e+00  -4.3023764e-01   2.6635146e+00
  -4.3945878e-01  -2.6607089e+00  -4.8715697e-01  -3.1325775e+00  -4.3787651e-01   2.6524258e+00
  -4.2653643e-01  -2.6540423e+00  -4.7781460e-01  -3.1149160e+00  -4.3094352e-01   2.6602213e+00
  -4.3122266e-01  -2.6462293e+00  -4.8035204e-01  -3.1287517e+00  -4.3358676e-01   2.6670352e+00
  -4.3354408e-01  -2.6254255e+00  -4.7213563e-01  -3.1302055e+00  -4.3426489e-01   2.6758486e+00
  -4.3188995e-01  -2.6429876e+00  -4.8325217e-01  -3.1279209e+00  -4.3726142e-01   2.6648796e+00
  -4.3405698e-01  -2.6451916e+00  -4.8346628e-01  -3.1277338e+00  -4.3237014e-01   2.6639673e+00
  -4.3061780e-01  -2.6433797e+00  -4.8300043e-01  -3.1272065e+00  -4.3509860e-01   2.6643841e+00
  -4.3300483e-01  -2.6417639e+00  -4.7911306e-01  -3.1286750e+00  -4.3510595e-01   2.6629117e+00
  -4.4834763e-01  -2.6509265e+00  -4.9095634e-01  -3.1397557e+00  -4.3686766e-01   2.6768321e+00
  -4.3320590e-01  -2.6408879e+00  -4.8250473e-01  -3.1284381e+00  -4.3558571e-01   2.6640719e+00
  -4.3309285e-01  -2.6482844e+00  -4.9327083e-01  -3.1307276e+00  -4.3576475e-01   2.6570100e+00
  -4.1651863e-01  -2.6425045e+00  -4.8043352e-01  -3.1187226e+00  -4.4251696e-01   2.6578832e+00
  -4.3290765e-01  -2.6385766e+00  -4.8481602e-01  -3.1285986e+00  -4.3957230e-01   2.6652875e+00
  -4.3204843e-01  -2.6418619e+00  -4.8486450e-01  -3.1289223e+00  -4.3934977e-01   2.6632827e+00
  -4.4559377e-01  -2.6278430e+00  -4.9972314e-01  -3.1281500e+00  -4.4168253e-01   2.6725384e+00
  -4.3272824e-01  -2.6324814e+00  -4.9248630e-01  -3.1329154e+00  -4.2216395e-01   2.6605975e+00
  -4.3402984e-01  -2.6392643e+00  -4.8572731e-01  -3.1242094e+00  -4.3827642e-01   2.6587097e+00
  -4.2684236e-01  -2.6473316e+00  -4.7170022e-01  -3.1315107e+00  -4.4471190e-01   2.6581401e+00
  -4.3863127e-01  -2.6344959e+00  -4.8482139e-01  -3.1217033e+00  -4.4470548e-01   2.6593567e+00
  -4.3481233e-01  -2.6347686e+00  -4.8768001e-01  -3.1284805e+00  -4.3829135e-01   2.6610477e+00
  -4.3845430e-01  -2.6204872e+00  -5.0902210e-01  -3.1230025e+00  -4.4616775e-01   2.6667913e+00
  -4.2507759e-01  -2.6358882e+00  -4.8016811e-01  -3.1380879e+00  -4.3812837e-01   2.6686064e+00
  -4.3172774e-01  -2.6441700e+00  -4.8183340e-01  -3.1132894e+00  -4.4289221e-01   2.6713343e+00
  -4.3569646e-01  -2.6330807e+00  -4.8815107e-01  -3.1264373e+00  -4.4160856e-01   2.6609721e+00
  -4.2672948e-01  -2.6357023e+00  -4.8570524e-01  -3.1403647e+00  -4.3784239e-01   2.6536529e+00
  -4.3814513e-01  -2.6449111e+00  -4.9496047e-01  -3.1313783e+00  -4.4241886e-01   2.6708238e+00
  -4.1540156e-01  -2.6232895e+00  -4.9426168e-01  -3.1369859e+00  -4.4161461e-01   2.6540354e+00
  -4.4467516e-01  -2.6396507e+00  -5.0285336e-01  -3.1300599e+00  -4.4874582e-01   2.6679828e+00
  -4.4019745e-01  -2.6329512e+00  -4.9169734e-01  -3.1232110e+00  -4.4359661e-01   2.6556026e+00
  -4.4208663e-01  -2.6455371e+00  -4.8809545e-01  -3.1287382e+00  -4.5135595e-01   2.6597677e+00
  -4.3592896e-01  -2.6316348e+00  -4.9062577e-01  -3.1234111e+00  -4.4098061e-01   2.6586396e+00
  -4.3670098e-01  -2.6307032e+00  -4.9190706e-01  -3.1233427e+00  -4.4282703e-01   2.6561224e+00
  -4.3632080e-01  -2.6266061e+00  -4.9422152e-01  -3.1212624e+00  -4.4135199e-01   2.6585835e+00
  -4.4248841e-01  -2.6281689e+00  -4.9067458e-01  -3.1306172e+00  -4.3914453e-01   2.6626836e+00
  -4.3032985e-01  -2.6407975e+00  -4.8915607e-01  -3.1214831e+00  -4.3421653e-01   2.6596288e+00
  -4.5041814e-01  -2.6246200e+00  -4.9613701e-01  -3.1297106e+00  -4.4717854e-01   2.6666473e+00
  -4.3528102e-01  -2.6280119e+00  -5.0490630e-01  -3.1237925e+00  -4.4760224e-01   2.6600731e+00
  -4.5579560e-01  -2.6256431e+00  -4.9161260e-01  -3.1311057e+00  -4.4899647e-01   2.6580229e+00
  -4.3880392e-01  -2.6243437e+00  -4.9451943e-01  -3.1190986e+00  -4.4463896e-01   2.6567529e+00
  -4.3777752e-01  -2.6302489e+00  -4.9003498e-01  -3.1202290e+00  -4.3975710e-01   2.6649773e+00
  -4.3705125e-01  -2.6266109e+00  -4.9633909e-01  -3.1207409e+00  -4.4510358e-01   2.6552170e+00
  -4.4072004e-01  -2.6262200e+00  -4.9725366e-01  -3.1224591e+00  -4.4769291e-01   2.6542960e+00
  -4.4008162e-01  -2.6265807e+00  -5.0296123e-01  -3.1300942e+00  -4.5164322e-01   2.6607218e+00
  -4.3787567e-01  -2.6275404e+00  -4.9600372e-01  -3.1193681e+00  -4.4445690e-01   2.6535358e+00
  -4.4380433e-01  -2.6245013e+00  -4.9433618e-01  -3.1116793e+00  -4.3982496e-01   2.6433718e+00
  -4.3645526e-01  -2.6206833e+00  -4.9733319e-01  -3.1225202e+00  -4.4718868e-01   2.6549484e+00
  -4.4081317e-01  -2.6237502e+00  -5.0061871e-01  -3.1187153e+00  -4.4680732e-01   2.6541701e+00
  -4.4190771e-01  -2.6216465e+00  -4.9973133e-01  -3.1210791e+00  -4.4710135e-01   2.6518257e+00
  -4.3712602e-01  -2.6200029e+00  -4.9775396e-01  -3.1189880e+00  -4.4752268e-01   2.6491575e+00
  -4.3997679e-01  -2.6211223e+00  -4.9864186e-01  -3.1202656e+00  -4.4733710e-01   2.6531345e+00
  -4.3882632e-01  -2.6179546e+00  -5.0178925e-01  -3.1198235e+00  -4.4895123e-01   2.6497234e+00
  -4.4043423e-01  -2.6185739e+00  -4.9740905e-01  -3.1186953e+00  -4.5181650e-01   2.6500052e+00
  -4.4353316e-01  -2.6206679e+00  -4.9972639e-01  -3.1209760e+00  -4.4769228e-01   2.6496521e+00
  -4.4385581e-01  -2.6230869e+00  -5.0079864e-01  -3.1330526e+00  -4.5513316e-01   2.6603196e+00
  -4.4663338e-01  -2.6187894e+00  -5.1040741e-01  -3.1380918e+00  -4.5293227e-01   2.6305588e+00
  -4.4360147e-01  -2.6166314e+00  -5.0043539e-01  -3.1176724e+00  -4.4826776e-01   2.6526016e+00
  -4.4309065e-01  -2.6113719e+00  -5.0193044e-01  -3.1145326e+00  -4.5072142e-01   2.6501740e+00
  -4.4242133e-01  -2.6163318e+00  -5.0319435e-01  -3.1191849e+00  -4.5098729e-01   2.6502678e+00
  -4.5774985e-01  -2.6061184e+00  -4.9142524e-01  -3.1016884e+00  -4.3460487e-01   2.6439275e+00
  -4.5056570e-01  -2.6158595e+00  -4.9673772e-01  -3.1079925e+00  -4.6023681e-01   2.6488022e+00
  -4.4500440e-01  -2.6119800e+00  -5.0502559e-01  -3.1195748e+00  -4.5434575e-01   2.6472679e+00
  -4.3178033e-01  -2.6185639e+00  -5.1625850e-01  -3.1004015e+00  -4.2279673e-01   2.6496950e+00
  -4.4456609e-01  -2.6119668e+00  -5.0457725e-01  -3.1135804e+00  -4.5148141e-01   2.6480523e+00
  -4.4913700e-01  -2.6280485e+00  -5.0436269e-01  -3.1152533e+00  -4.4250717e-01   2.6421881e+00
  -4.4526926e-01  -2.6109160e+00  -5.0363207e-01  -3.1166155e+00  -4.5123606e-01   2.6460140e+00
  -4.5440785e-01  -2.5972779e+00  -5.0729003e-01  -3.1123914e+00  -4.6288175e-01   2.6402395e+00
  -4.5558915e-01  -2.6110517e+00  -5.0355288e-01  -3.1158376e+00  -4.4636529e-01   2.6595345e+00
  -4.5078585e-01  -2.6052492e+00  -5.0988551e-01  -3.1238390e+00  -4.5257099e-01   2.6543019e+00
  -4.6319980e-01  -2.6250120e+00  -5.0595124e-01  -3.1178825e+00  -4.6092171e-01   2.6409701e+00
  -4.4565599e-01  -2.6032975e+00  -5.0493658e-01  -3.1149764e+00  -4.5385464e-01   2.6486613e+00
  -4.4670532e-01  -2.6139751e+00  -5.0500438e-01  -3.1130852e+00  -4.3992387e-01   2.6434886e+00
  -4.3807804e-01  -2.6151987e+00  -5.0269157e-01  -3.1124590e+00  -4.5980567e-01   2.6635134e+00
  -4.4730277e-01  -2.6076144e+00  -5.0589373e-01  -3.1152543e+00  -4.5498399e-01   2.6468806e+00
  -4.4346633e-01  -2.6015570e+00  -5.0242261e-01  -3.0998886e+00  -4.3603690e-01   2.6591672e+00
  -4.4731332e-01  -2.6047002e+00  -5.0824337e-01  -3.1131398e+00  -4.5425979e-01   2.6412083e+00
  -4.5968910e-01  -2.5991914e+00  -5.0531032e-01  -3.1261421e+00  -4.4948778e-01   2.6425622e+00
  -4.4573955e-01  -2.6052484e+00  -5.0802088e-01  -3.1179819e+00  -4.5770562e-01   2.6415582e+00
  -4.4707116e-01  -2.6054393e+00  -5.2270365e-01  -3.1247142e+00  -4.5231015e-01   2.6514910e+00
  -4.4813916e-01  -2.6020224e+00  -5.0859185e-01  -3.1153062e+00  -4.5680760e-01   2.6400703e+00
  -4.4614992e-01  -2.5992998e+00  -5.0827793e-01  -3.1140955e+00  -4.6114933e-01   2.6426731e+00
  -4.4170800e-01  -2.6128371e+00  -5.1293064e-01  -3.1153067e+00  -4.5677043e-01   2.6363889e+00
  -4.3851538e-01  -2.5997321e+00  -4.9717918e-01  -3.1106313e+00  -4.5409162e-01   2.6273850e+00
  -4.4210075e-01  -2.5918022e+00  -5.2070767e-01  -3.1328910e+00  -4.5680416e-01   2.6530075e+00
  -4.4989566e-01  -2.5955429e+00  -5.1163517e-01  -3.1147751e+00  -4.5738640e-01   2.6407967e+00
  -4.5021518e-01  -2.5977235e+00  -5.1552513e-01  -3.1099237e+00  -4.5997424e-01   2.6380936e+00
  -4.4940253e-01  -2.5947348e+00  -5.1367433e-01  -3.1118586e+00  -4.5887903e-01   2.6406498e+00
  -4.4923403e-01  -2.5914422e+00  -5.1228035e-01  -3.1129276e+00  -4.6365276e-01   2.6373786e+00
  -4.4763652e-01  -2.6011981e+00  -5.1796380e-01  -3.1264497e+00  -4.6070264e-01   2.6350654e+00
  -4.6270111e-01  -2.5988349e+00  -5.2739115e-01  -3.1249049e+00  -4.6962692e-01   2.6612340e+00
  -4.4600897e-01  -2.5911480e+00  -5.2417046e-01  -3.1153187e+00  -4.6373588e-01   2.6229334e+00
  -4.5466368e-01  -2.5941587e+00  -5.1851941e-01  -3.1115680e+00  -4.6247721e-01   2.6370478e+00
  -4.4924597e-01  -2.5875047e+00  -5.1804360e-01  -3.1237586e+00  -4.5796243e-01   2.6450584e+00
  -4.5311869e-01  -2.5912148e+00  -5.1715587e-01  -3.1098452e+00  -4.5975736e-01   2.6349299e+00
  -4.4789789e-01  -2.5934815e+00  -5.1693991e-01  -3.1198268e+00  -4.4988952e-01   2.6304808e+00
  -4.5085670e-01  -2.5907229e+00  -5.1866771e-01  -3.1134541e+00  -4.6058528e-01   2.6352521e+00
  -4.6465243e-01  -2.5855936e+00  -5.2108719e-01  -3.1075822e+00  -4.5789788e-01   2.6395567e+00
  -4.6694629e-01  -2.5967987e+00  -5.2208151e-01  -3.1057060e+00  -4.7162094e-01   2.6343619e+00
  -4.5712673e-01  -2.5854789e+00  -5.1850195e-01  -3.1103235e+00  -4.6499440e-01   2.6340943e+00
  -4.6582802e-01  -2.5935504e+00  -5.3436407e-01  -3.0974611e+00  -4.6617195e-01   2.6453313e+00
  -4.5518416e-01  -2.5847521e+00  -5.2243500e-01  -3.1093607e+00  -4.6517862e-01   2.6347043e+00
  -4.5228625e-01  -2.5831558e+00  -5.2163163e-01  -3.1060708e+00  -4.6574205e-01   2.6314505e+00
  -4.5275962e-01  -2.5830451e+00  -5.1830384e-01  -3.1070325e+00  -4.6476639e-01   2.6332900e+00
  -4.6443658e-01  -2.5656493e+00  -5.1202902e-01  -3.1300400e+00  -4.6421628e-01   2.6333509e+00
  -4.5527847e-01  -2.5805113e+00  -5.2292567e-01  -3.1129877e+00  -4.6585475e-01   2.6330691e+00
  -4.5466471e-01  -2.5820717e+00  -5.2205274e-01  -3.1100228e+00  -4.6741317e-01   2.6318544e+00
  -4.7245022e-01  -2.5830725e+00  -5.2747941e-01  -3.1021712e+00  -4.5255818e-01   2.6429659e+00
  -4.5437783e-01  -2.5812378e+00  -5.2145461e-01  -3.1094624e+00  -4.6736768e-01   2.6327312e+00
  -4.5474040e-01  -2.5797010e+00  -5.2318329e-01  -3.1031124e+00  -4.6799007e-01   2.6313189e+00
  -4.5579396e-01  -2.5810509e+00  -5.2796490e-01  -3.1054094e+00  -4.6934982e-01   2.6289430e+00
  -4.5473273e-01  -2.5891954e+00  -5.2904364e-01  -3.1138297e+00  -4.6726830e-01   2.6392614e+00
  -4.5867462e-01  -2.5730931e+00  -5.2646152e-01  -3.1014260e+00  -4.6969710e-01   2.6290803e+00
  -4.5467185e-01  -2.5738871e+00  -5.2977487e-01  -3.1060935e+00  -4.6861455e-01   2.6279089e+00
  -4.5514692e-01  -2.5734708e+00  -5.2798801e-01  -3.1070836e+00  -4.7069711e-01   2.6258975e+00
  -4.5970208e-01  -2.5825164e+00  -5.3566476e-01  -3.1038508e+00  -4.5964470e-01   2.6303978e+00
  -4.5712557e-01  -2.5711060e+00  -5.2330632e-01  -3.1039986e+00  -4.6962672e-01   2.6279466e+00
  -4.5182229e-01  -2.5531523e+00  -5.3431663e-01  -3.1147992e+00  -4.6025098e-01   2.6327379e+00
  -4.5600690e-01  -2.5694444e+00  -5.3179002e-01  -3.1050804e+00  -4.7132410e-01   2.6254336e+00
  -4.5674738e-01  -2.5705184e+00  -4.9828443e-01  -3.1060286e+00  -4.7367629e-01   2.6428164e+00
  -4.5830755e-01  -2.5684913e+00  -5.3287894e-01  -3.0991883e+00  -4.7429461e-01   2.6256184e+00
  -4.5708643e-01  -2.5712426e+00  -5.3227853e-01  -3.1008303e+00  -4.6620961e-01   2.6184059e+00
  -4.5896146e-01  -2.5683564e+00  -5.3063278e-01  -3.1024100e+00  -4.7292922e-01   2.6257291e+00
  -4.6080994e-01  -2.5672796e+00  -5.2894692e-01  -3.0979656e+00  -4.7149018e-01   2.6218760e+00
  -4.5850879e-01  -2.5660695e+00  -5.3362168e-01  -3.1013381e+00  -4.7245991e-01   2.6251151e+00
  -4.6340508e-01  -2.5636258e+00  -5.3428638e-01  -3.1017974e+00  -4.7471946e-01   2.6256590e+00
  -4.6028364e-01  -2.5734655e+00  -5.2726154e-01  -3.0947283e+00  -4.9388418e-01   2.6162275e+00
  -4.7775824e-01  -2.5560589e+00  -5.3579658e-01  -3.0953193e+00  -4.7551519e-01   2.6103991e+00
  -4.6077866e-01  -2.5622554e+00  -5.3362659e-01  -3.0981092e+00  -4.7531586e-01   2.6214667e+00
  -4.6381348e-01  -2.5633509e+00  -5.2656724e-01  -3.0951269e+00  -4.7467448e-01   2.6207693e+00
  -4.5864859e-01  -2.5606327e+00  -5.3961685e-01  -3.0973397e+00  -4.7619696e-01   2.6213438e+00
  -4.5891631e-01  -2.5623412e+00  -5.3455789e-01  -3.0986553e+00  -4.6964826e-01   2.6268497e+00
  -4.6740418e-01  -2.5659998e+00  -5.3938204e-01  -3.1035737e+00  -4.8449771e-01   2.6174118e+00
  -4.6253558e-01  -2.5510763e+00  -5.3809950e-01  -3.1003681e+00  -4.6747051e-01   2.6228464e+00
  -4.5147525e-01  -2.5536092e+00  -5.2776196e-01  -3.1087457e+00  -4.8274881e-01   2.6180877e+00
  -4.6174467e-01  -2.5553171e+00  -5.3903294e-01  -3.0961666e+00  -4.7693429e-01   2.6209497e+00
  -4.4974045e-01  -2.5570733e+00  -5.3662707e-01  -3.0997569e+00  -4.7646341e-01   2.6174119e+00
  -4.5712238e-01  -2.5514042e+00  -5.4494774e-01  -3.1005330e+00  -4.9759244e-01   2.6176869e+00
  -4.5093978e-01  -2.5486826e+00  -5.4978050e-01  -3.0918719e+00  -4.6831535e-01   2.6123503e+00
  -4.7521640e-01  -2.5526200e+00  -5.4374766e-01  -3.0915748e+00  -4.8044266e-01   2.6013312e+00
  -4.6406437e-01  -2.5475637e+00  -5.4146308e-01  -3.0920626e+00  -4.7847401e-01   2.6153739e+00
  -4.6432342e-01  -2.5463586e+00  -5.4463127e-01  -3.0923181e+00  -4.8069900e-01   2.6157343e+00
  -4.6568614e-01  -2.5481947e+00  -5.4270056e-01  -3.0920723e+00  -4.8094307e-01   2.6175796e+00
  -4.6289682e-01  -2.5452037e+00  -5.4455473e-01  -3.0891542e+00  -4.8432896e-01   2.6180964e+00
  -4.5657271e-01  -2.5579581e+00  -5.4838342e-01  -3.0901796e+00  -4.8924930e-01   2.6263368e+00
  -4.5276095e-01  -2.5393909e+00  -5.3890992e-01  -3.0939455e+00  -4.9211837e-01   2.6231190e+00
  -4.6622247e-01  -2.5427177e+00  -5.4228720e-01  -3.0899602e+00  -4.8302987e-01   2.6126792e+00
  -4.7763898e-01  -2.5428699e+00  -5.5224803e-01  -3.0948638e+00  -4.8303239e-01   2.6108987e+00
  -4.6616565e-01  -2.5423643e+00  -5.5034439e-01  -3.0898095e+00  -4.8529020e-01   2.6135170e+00
  -4.6088206e-01  -2.5397647e+00  -5.5657196e-01  -3.0863237e+00  -5.0300534e-01   2.6169292e+00
  -4.6374578e-01  -2.5360039e+00  -5.4716739e-01  -3.0886592e+00  -4.8832228e-01   2.6126928e+00
  -4.6506930e-01  -2.5338053e+00  -5.4694307e-01  -3.0870659e+00  -4.8870066e-01   2.6145612e+00
  -4.6706662e-01  -2.5337139e+00  -5.4837228e-01  -3.0883291e+00  -4.8438348e-01   2.6125933e+00
  -4.6766631e-01  -2.5348748e+00  -5.4787139e-01  -3.0847265e+00  -4.8985017e-01   2.6115950e+00
  -4.6753339e-01  -2.5364348e+00  -5.4978018e-01  -3.0859863e+00  -4.8998182e-01   2.6131697e+00
  -4.6779722e-01  -2.5364095e+00  -5.5857783e-01  -3.0813133e+00  -4.8035545e-01   2.6134247e+00
  -4.7025887e-01  -2.5264686e+00  -5.6295209e-01  -3.0863424e+00  -4.8936840e-01   2.6026395e+00
  -4.6950840e-01  -2.5302394e+00  -5.5437961e-01  -3.0836414e+00  -4.8765555e-01   2.6085161e+00
  -4.6831515e-01  -2.5279551e+00  -5.5165646e-01  -3.0844334e+00  -4.8952747e-01   2.6092203e+00
  -4.6631683e-01  -2.5250014e+00  -5.5153010e-01  -3.0826764e+00  -4.9126743e-01   2.6104337e+00
  -4.6947001e-01  -2.5264602e+00  -5.5628306e-01  -3.0818463e+00  -4.9051152e-01   2.6053063e+00
  -4.6530966e-01  -2.5217724e+00  -5.4870653e-01  -3.0995967e+00  -4.8507955e-01   2.5951068e+00
  -4.8320555e-01  -2.5269128e+00  -5.5164320e-01  -3.0837355e+00  -4.9712339e-01   2.6131758e+00
  -4.6701681e-01  -2.5199085e+00  -5.5480980e-01  -3.0817290e+00  -4.9389902e-01   2.6083911e+00
  -4.7150479e-01  -2.5186845e+00  -5.5432463e-01  -3.0811653e+00  -4.9375341e-01   2.6057315e+00
  -4.7068323e-01  -2.5177809e+00  -5.5879255e-01  -3.0814212e+00  -4.9509141e-01   2.6081042e+00
  -4.5749844e-01  -2.5192147e+00  -5.5577841e-01  -3.0974134e+00  -4.9958341e-01   2.5987016e+00
  -4.6718571e-01  -2.5158977e+00  -5.6094400e-01  -3.0784327e+00  -4.9434815e-01   2.6053633e+00
  -4.6948344e-01  -2.5164592e+00  -5.5802424e-01  -3.0780376e+00  -4.9373199e-01   2.6104874e+00
  -4.7218420e-01  -2.5094594e+00  -5.5303575e-01  -3.0778882e+00  -4.9020592e-01   2.5968302e+00
  -4.7107074e-01  -2.5076016e+00  -5.7254097e-01  -3.0623577e+00  -4.9521777e-01   2.6043426e+00
  -4.6872264e-01  -2.5118213e+00  -5.5902109e-01  -3.0756372e+00  -4.9566205e-01   2.6046994e+00
  -4.6319254e-01  -2.5066061e+00  -5.6192337e-01  -3.0742686e+00  -5.0267826e-01   2.6160576e+00
  -4.6907088e-01  -2.5084497e+00  -5.6155816e-01  -3.0729582e+00  -4.9715645e-01   2.6032065e+00
  -4.7786038e-01  -2.4995091e+00  -5.4472920e-01  -3.0734132e+00  -5.0687414e-01   2.5966753e+00
  -4.7462721e-01  -2.5185309e+00  -5.5272570e-01  -3.0599614e+00  -4.9001627e-01   2.5973087e+00
  -4.7313561e-01  -2.5156520e+00  -5.6917123e-01  -3.0615625e+00  -5.0009653e-01   2.6105707e+00
  -4.7314614e-01  -2.5058339e+00  -5.6430376e-01  -3.0715569e+00  -4.9771813e-01   2.5991484e+00
  -4.7155740e-01  -2.5026232e+00  -5.6666108e-01  -3.0699766e+00  -4.9980548e-01   2.6022632e+00
  -4.7238385e-01  -2.5019377e+00  -5.6515569e-01  -3.0702717e+00  -4.9885073e-01   2.6009960e+00
  -4.7266460e-01  -2.5010510e+00  -5.6599059e-01  -3.0708841e+00  -5.0146432e-01   2.6009271e+00
  -4.7461544e-01  -2.5034133e+00  -5.6977948e-01  -3.0724645e+00  -5.0529643e-01   2.6094088e+00
  -4.5494818e-01  -2.5030361e+00  -5.5612523e-01  -3.0658237e+00  -4.9767380e-01   2.5911604e+00
  -4.7035425e-01  -2.4985488e+00  -5.6874944e-01  -3.0662452e+00  -5.0283176e-01   2.5990958e+00
  -4.7589447e-01  -2.4988011e+00  -5.6960767e-01  -3.0658718e+00  -5.0353096e-01   2.5993048e+00
  -4.6565259e-01  -2.4759920e+00  -5.8142955e-01  -3.0686327e+00  -5.1356296e-01   2.5924915e+00
  -4.6789312e-01  -2.4863376e+00  -5.6554349e-01  -3.0577041e+00  -5.0076636e-01   2.5828763e+00
  -4.5995994e-01  -2.5013744e+00  -5.5967684e-01  -3.0541058e+00  -5.1823043e-01   2.6041082e+00
  -4.7564733e-01  -2.4925138e+00  -5.7112968e-01  -3.0600843e+00  -5.0612648e-01   2.5963473e+00
  -4.7401549e-01  -2.4941817e+00  -5.5887306e-01  -3.0524473e+00  -5.0662286e-01   2.6090854e+00
  -4.8068533e-01  -2.4998220e+00  -5.7621343e-01  -3.0676215e+00  -5.0319275e-01   2.5975814e+00
  -4.7613308e-01  -2.4771042e+00  -5.7149741e-01  -3.0492555e+00  -5.2807508e-01   2.5836453e+00
  -4.9609657e-01  -2.4848926e+00  -5.7873655e-01  -3.0830857e+00  -4.9818145e-01   2.6082730e+00
  -4.7576873e-01  -2.4840238e+00  -5.7477355e-01  -3.0569020e+00  -5.0896506e-01   2.5952217e+00
  -4.6408783e-01  -2.4831894e+00  -5.7546260e-01  -3.0683172e+00  -4.8618396e-01   2.5934712e+00
  -4.8214188e-01  -2.4703194e+00  -5.7776079e-01  -3.0621354e+00  -5.0922171e-01   2.6026517e+00
  -4.7795149e-01  -2.4795678e+00  -5.7740204e-01  -3.0579988e+00  -5.0764052e-01   2.5948183e+00
  -4.7659007e-01  -2.4778616e+00  -5.7562750e-01  -3.0563557e+00  -5.0786108e-01   2.5922110e+00
  -4.7748651e-01  -2.4774078e+00  -5.7694877e-01  -3.0534462e+00  -5.1226746e-01   2.5920800e+00
  -4.7830793e-01  -2.4747110e+00  -5.8608764e-01  -3.0476296e+00  -5.0649511e-01   2.5843236e+00
  -4.6961901e-01  -2.4766989e+00  -5.7724112e-01  -3.0748122e+00  -5.2165962e-01   2.5945776e+00
  -4.7391721e-01  -2.4716085e+00  -5.7420811e-01  -3.0444319e+00  -5.2649998e-01   2.5812469e+00
  -4.8688057e-01  -2.4743328e+00  -5.8081623e-01  -3.0574461e+00  -5.0956676e-01   2.5755891e+00
  -4.7909381e-01  -2.4690516e+00  -5.8233254e-01  -3.0500195e+00  -5.1388137e-01   2.5902640e+00
  -4.8022164e-01  -2.4559294e+00  -5.9292669e-01  -3.0684365e+00  -5.1224308e-01   2.5916388e+00
  -4.7804484e-01  -2.4657094e+00  -5.8561028e-01  -3.0500146e+00  -5.1364856e-01   2.5895550e+00
  -4.7837746e-01  -2.4661187e+00  -5.8526667e-01  -3.0460431e+00  -5.1199011e-01   2.5945209e+00
  -4.7875461e-01  -2.4649539e+00  -5.8255848e-01  -3.0491137e+00  -5.1589002e-01   2.5900266e+00
  -4.6940608e-01  -2.4569896e+00  -5.9188706e-01  -3.0397139e+00  -5.0685576e-01   2.5966216e+00
  -4.7991522e-01  -2.4741337e+00  -5.9008937e-01  -3.0538234e+00  -5.2382196e-01   2.5871158e+00
  -4.7878174e-01  -2.4613116e+00  -5.8877711e-01  -3.0456207e+00  -5.1670123e-01   2.5884376e+00
  -4.7886701e-01  -2.4608806e+00  -5.8681521e-01  -3.0435222e+00  -5.1737414e-01   2.5921322e+00
  -4.8985224e-01  -2.4509698e+00  -5.9140952e-01  -3.0438880e+00  -5.1002682e-01   2.5945289e+00
  -4.7803904e-01  -2.4461360e+00  -5.8800557e-01  -3.0298045e+00  -5.2766809e-01   2.5800684e+00
  -4.7912918e-01  -2.4503652e+00  -5.9047485e-01  -3.0432968e+00  -5.2130214e-01   2.5899490e+00
  -4.8016352e-01  -2.4502783e+00  -5.8971908e-01  -3.0342599e+00  -5.1946653e-01   2.5872131e+00
  -4.8444351e-01  -2.4555368e+00  -5.9323138e-01  -3.0367846e+00  -5.3012639e-01   2.5829928e+00
  -4.8360179e-01  -2.4438726e+00  -6.0366334e-01  -3.0319143e+00  -5.1879656e-01   2.5922715e+00
  -4.8590681e-01  -2.4675009e+00  -5.8821926e-01  -3.0275633e+00  -5.2756715e-01   2.5864511e+00
  -4.8242793e-01  -2.4447420e+00  -5.9428268e-01  -3.0338821e+00  -5.2312322e-01   2.5844533e+00
  -4.8116646e-01  -2.4417084e+00  -5.9667441e-01  -3.0351153e+00  -5.2415246e-01   2.5864327e+00
  -4.9253795e-01  -2.4421108e+00  -5.9690804e-01  -3.0410732e+00  -5.3875688e-01   2.5832292e+00
  -4.8150421e-01  -2.4395170e+00  -5.9704549e-01  -3.0317527e+00  -5.2547680e-01   2.5818606e+00
  -4.8005442e-01  -2.4409540e+00  -5.9726520e-01  -3.0301794e+00  -5.2588923e-01   2.5834959e+00
  -4.8212331e-01  -2.4376336e+00  -5.9912517e-01  -3.0292658e+00  -5.2875357e-01   2.5854981e+00
  -4.8125374e-01  -2.4260559e+00  -6.0407170e-01  -3.0298509e+00  -5.3378458e-01   2.5763062e+00
  -4.9191487e-01  -2.4463428e+00  -5.8973369e-01  -3.0384892e+00  -5.2911618e-01   2.5777797e+00
  -4.8089804e-01  -2.4216705e+00  -6.0855126e-01  -3.0310978e+00  -5.3923903e-01   2.5801427e+00
  -4.8312599e-01  -2.4336137e+00  -6.0104512e-01  -3.0254383e+00  -5.2697588e-01   2.5826337e+00
  -4.7482682e-01  -2.4408330e+00  -5.9398783e-01  -3.0343115e+00  -5.2763559e-01   2.5850047e+00
  -4.8168711e-01  -2.4262701e+00  -6.0402258e-01  -3.0227479e+00  -5.3396052e-01   2.5835849e+00
  -4.8427495e-01  -2.4289943e+00  -6.0334005e-01  -3.0235220e+00  -5.3057879e-01   2.5827458e+00
  -4.8212234e-01  -2.4255750e+00  -6.0096178e-01  -3.0199959e+00  -5.3482436e-01   2.5804435e+00
  -4.6693947e-01  -2.4065966e+00  -6.0261116e-01  -3.0206975e+00  -5.3132964e-01   2.5963043e+00
  -4.8014930e-01  -2.4260718e+00  -6.0578473e-01  -3.0013800e+00  -5.3155374e-01   2.5740933e+00
  -4.8355111e-01  -2.4187371e+00  -6.0691061e-01  -3.0186597e+00  -5.3769189e-01   2.5829515e+00
  -4.8209954e-01  -2.4178535e+00  -6.0905346e-01  -3.0175580e+00  -5.3398196e-01   2.5818061e+00
  -4.7632991e-01  -2.4225540e+00  -6.0663608e-01  -3.0044793e+00  -5.3451929e-01   2.5675028e+00
  -4.8598037e-01  -2.4129481e+00  -6.1194973e-01  -3.0122793e+00  -5.3530181e-01   2.5765986e+00
  -4.8275156e-01  -2.4111516e+00  -6.1075422e-01  -3.0099683e+00  -5.3800338e-01   2.5784277e+00
  -4.8567315e-01  -2.4113443e+00  -6.0976987e-01  -3.0138956e+00  -5.3656245e-01   2.5796716e+00
  -4.8765314e-01  -2.4074877e+00  -6.1031083e-01  -3.0093692e+00  -5.3997182e-01   2.5782667e+00
  -4.8487922e-01  -2.4141335e+00  -6.0627790e-01  -3.0137282e+00  -5.4442933e-01   2.5855387e+00
  -4.9736887e-01  -2.3962751e+00  -6.2803159e-01  -3.0062337e+00  -5.2512141e-01   2.5723639e+00
  -4.8039324e-01  -2.4071898e+00  -6.1609774e-01  -3.0103879e+00  -5.4908098e-01   2.5709635e+00
  -4.8009992e-01  -2.4008442e+00  -6.0627253e-01  -3.0218272e+00  -5.4447223e-01   2.5708498e+00
  -4.8858167e-01  -2.4018108e+00  -6.1690711e-01  -3.0025135e+00  -5.4362522e-01   2.5759383e+00
  -4.8229618e-01  -2.4051682e+00  -6.1244918e-01  -3.0037950e+00  -5.4935035e-01   2.5762082e+00
  -4.8443062e-01  -2.3949987e+00  -6.1370909e-01  -3.0005024e+00  -5.4409685e-01   2.5751034e+00
  -4.8594750e-01  -2.3976133e+00  -6.2210280e-01  -2.9963631e+00  -5.4886105e-01   2.5767063e+00
  -4.8798525e-01  -2.3938056e+00  -6.2107155e-01  -2.9965352e+00  -5.4583518e-01   2.5738172e+00
  -4.8945521e-01  -2.3869750e+00  -6.2575624e-01  -3.0030613e+00  -5.2580894e-01   2.5695661e+00
  -4.8540370e-01  -2.3906503e+00  -6.1982212e-01  -2.9964199e+00  -5.5018370e-01   2.5744802e+00
  -4.8261006e-01  -2.4003736e+00  -6.2153187e-01  -2.9816087e+00  -5.3695890e-01   2.5718026e+00
  -4.8492647e-01  -2.3923628e+00  -6.1722131e-01  -3.0032255e+00  -5.5861400e-01   2.5754469e+00
  -5.0892761e-01  -2.3676117e+00  -6.2226526e-01  -2.9907865e+00  -5.5624957e-01   2.5824991e+00
  -4.8474924e-01  -2.3830246e+00  -6.2499432e-01  -2.9877209e+00  -5.5084252e-01   2.5721486e+00
  -4.8431555e-01  -2.3793045e+00  -6.2583977e-01  -2.9890011e+00  -5.5382131e-01   2.5729317e+00
  -4.8527604e-01  -2.3901719e+00  -6.3266335e-01  -2.9920072e+00  -5.4487344e-01   2.5565718e+00
  -4.8929742e-01  -2.3778988e+00  -6.2686171e-01  -2.9838135e+00  -5.5543642e-01   2.5705167e+00
  -4.8561568e-01  -2.3707338e+00  -6.3349258e-01  -2.9936343e+00  -5.6176483e-01   2.5935490e+00
  -4.8245633e-01  -2.3769960e+00  -6.0411041e-01  -2.9766955e+00  -5.5717369e-01   2.5759453e+00
  -4.8769375e-01  -2.3737044e+00  -6.2984058e-01  -2.9804637e+00  -5.5790650e-01   2.5676807e+00
  -4.9211743e-01  -2.3641554e+00  -6.2533738e-01  -2.9742758e+00  -5.6053854e-01   2.5638775e+00
  -4.7624906e-01  -2.3631821e+00  -6.3016926e-01  -2.9982414e+00  -5.6251564e-01   2.5808506e+00
  -4.9440882e-01  -2.3740681e+00  -6.3159408e-01  -2.9772613e+00  -5.5592483e-01   2.5747362e+00
  -4.9103815e-01  -2.3592393e+00  -6.4172920e-01  -2.9792541e+00  -5.5661758e-01   2.5820953e+00
  -4.8786018e-01  -2.3619499e+00  -6.3568636e-01  -2.9704115e+00  -5.6225998e-01   2.5711829e+00
  -4.9507503e-01  -2.3453353e+00  -6.3296268e-01  -2.9749868e+00  -5.6009734e-01   2.5704680e+00
  -4.8679245e-01  -2.3599527e+00  -6.4471340e-01  -2.9591215e+00  -5.6695784e-01   2.5804923e+00
  -4.8857698e-01  -2.3535122e+00  -6.3783117e-01  -2.9661757e+00  -5.6039293e-01   2.5672615e+00
  -4.8975105e-01  -2.3519373e+00  -6.3739139e-01  -2.9615954e+00  -5.6772508e-01   2.5720925e+00
  -4.8146501e-01  -2.3549026e+00  -6.2514954e-01  -2.9638447e+00  -5.5408465e-01   2.5607177e+00
  -4.7089806e-01  -2.3588238e+00  -6.3672097e-01  -2.9467448e+00  -5.7003898e-01   2.5780141e+00
  -4.8813947e-01  -2.3432579e+00  -6.2652922e-01  -2.9700594e+00  -5.7216625e-01   2.5682183e+00
  -4.9044030e-01  -2.3472651e+00  -6.4048350e-01  -2.9592371e+00  -5.6525817e-01   2.5683124e+00
  -4.8104656e-01  -2.3283359e+00  -6.3397077e-01  -2.9545297e+00  -5.9124329e-01   2.5667689e+00
  -5.0345279e-01  -2.3485156e+00  -6.4973020e-01  -2.9564833e+00  -5.5544643e-01   2.5726301e+00
  -4.8566255e-01  -2.3381178e+00  -6.4286815e-01  -2.9580037e+00  -5.6051189e-01   2.5590197e+00
  -4.8915283e-01  -2.3404981e+00  -6.4573804e-01  -2.9498201e+00  -5.7263185e-01   2.5650674e+00
  -4.9710739e-01  -2.3494976e+00  -6.5401716e-01  -2.9385829e+00  -5.6912119e-01   2.5505222e+00
  -4.9294790e-01  -2.3341219e+00  -6.4667045e-01  -2.9457577e+00  -5.7441405e-01   2.5646828e+00
  -4.8881497e-01  -2.3491800e+00  -6.4644332e-01  -2.9524143e+00  -5.7231121e-01   2.5815403e+00
  -4.8167092e-01  -2.3250977e+00  -6.5523838e-01  -2.9627031e+00  -5.7989554e-01   2.5488160e+00
  -4.8614776e-01  -2.3187113e+00  -6.4900068e-01  -2.9292946e+00  -5.7756542e-01   2.5679057e+00
  -4.9183760e-01  -2.3280013e+00  -6.5175808e-01  -2.9376689e+00  -5.8000205e-01   2.5634894e+00
  -4.8112877e-01  -2.3283888e+00  -6.7163500e-01  -2.9329203e+00  -5.8044677e-01   2.5561916e+00
  -4.9251795e-01  -2.3340314e+00  -6.6317973e-01  -2.9322604e+00  -5.8871957e-01   2.5714750e+00
  -4.9145658e-01  -2.3255338e+00  -6.5787050e-01  -2.9328471e+00  -5.8069188e-01   2.5621318e+00
  -5.0113135e-01  -2.3176599e+00  -6.4875317e-01  -2.9374539e+00  -5.7778649e-01   2.5642945e+00
  -4.8831289e-01  -2.3139856e+00  -6.5666806e-01  -2.9296367e+00  -5.8819886e-01   2.5653240e+00
  -4.9160806e-01  -2.3135670e+00  -6.5974420e-01  -2.9265792e+00  -5.8627555e-01   2.5641275e+00
  -4.8270869e-01  -2.3127283e+00  -6.6180166e-01  -2.9201857e+00  -5.9213939e-01   2.5474181e+00
  -4.9081980e-01  -2.3098754e+00  -6.5662994e-01  -2.9218964e+00  -5.8829483e-01   2.5653538e+00
  -4.9511856e-01  -2.3035923e+00  -6.5242567e-01  -2.9155216e+00  -5.8873370e-01   2.5658666e+00
  -4.9062951e-01  -2.3033290e+00  -6.6359896e-01  -2.9186696e+00  -5.9166844e-01   2.5600565e+00
  -4.8999145e-01  -2.3026932e+00  -6.4651058e-01  -2.9180796e+00  -5.9692717e-01   2.5636065e+00
  -4.9472702e-01  -2.2966180e+00  -6.5699228e-01  -2.9258001e+00  -5.9866931e-01   2.5496143e+00
  -4.9146243e-01  -2.3067563e+00  -6.6871352e-01  -2.9200059e+00  -5.8526147e-01   2.5689637e+00
  -4.9368059e-01  -2.2991103e+00  -6.6524257e-01  -2.9097688e+00  -5.9413740e-01   2.5624324e+00
  -4.8678690e-01  -2.3041205e+00  -6.6577392e-01  -2.9070124e+00  -6.0280971e-01   2.5683917e+00
  -4.9315765e-01  -2.2895102e+00  -6.7018670e-01  -2.9034543e+00  -5.9403405e-01   2.5640146e+00
  -4.9088465e-01  -2.2892872e+00  -6.7050802e-01  -2.9052783e+00  -5.9580102e-01   2.5586316e+00
  -5.1405878e-01  -2.2810838e+00  -6.7739089e-01  -2.9172994e+00  -5.8710111e-01   2.5480052e+00
  -4.9214877e-01  -2.2833210e+00  -6.6944022e-01  -2.9011480e+00  -5.9683708e-01   2.5589474e+00
  -4.9068873e-01  -2.2821681e+00  -6.7273733e-01  -2.8990841e+00  -6.0156504e-01   2.5579694e+00
  -4.9458972e-01  -2.2811647e+00  -6.7405426e-01  -2.8984021e+00  -6.0413688e-01   2.5593204e+00
  -4.8453559e-01  -2.2922973e+00  -6.7767121e-01  -2.8828684e+00  -6.1261373e-01   2.5410694e+00
  -5.0260963e-01  -2.2842239e+00  -6.7419161e-01  -2.8941813e+00  -6.0335678e-01   2.5573240e+00
  -5.0436964e-01  -2.2776469e+00  -6.8644331e-01  -2.9003529e+00  -6.0042525e-01   2.5611559e+00
  -4.9259224e-01  -2.2754226e+00  -6.7586503e-01  -2.8874919e+00  -6.0758095e-01   2.5549522e+00
  -4.9278937e-01  -2.2716285e+00  -6.8151941e-01  -2.8841689e+00  -6.0898095e-01   2.5569344e+00
  -4.9201567e-01  -2.2658286e+00  -6.8849821e-01  -2.8639367e+00  -6.1248521e-01   2.5495211e+00
  -4.9182405e-01  -2.2655566e+00  -6.8254892e-01  -2.8787623e+00  -6.0982160e-01   2.5589083e+00
  -4.9447707e-01  -2.2650813e+00  -6.8160585e-01  -2.8765598e+00  -6.0936028e-01   2.5592168e+00
  -4.9647181e-01  -2.2597917e+00  -6.8558946e-01  -2.8722480e+00  -6.1241046e-01   2.5589003e+00
  -4.9240229e-01  -2.2622343e+00  -6.8557751e-01  -2.8751786e+00  -6.1606562e-01   2.5538811e+00
  -4.8095564e-01  -2.2529230e+00  -6.9108187e-01  -2.8778598e+00  -6.1188740e-01   2.5641038e+00
  -4.9057307e-01  -2.2563612e+00  -6.9062129e-01  -2.8664374e+00  -6.1881895e-01   2.5581555e+00
  -4.9209454e-01  -2.2527329e+00  -6.8764274e-01  -2.8667211e+00  -6.1854149e-01   2.5589784e+00
  -4.9509289e-01  -2.2487735e+00  -6.9016346e-01  -2.8604702e+00  -6.2368597e-01   2.5577244e+00
  -4.9449785e-01  -2.2464588e+00  -6.9282059e-01  -2.8617445e+00  -6.2831869e-01   2.5557285e+00
  -4.9923724e-01  -2.2361801e+00  -6.9869367e-01  -2.8368262e+00  -6.2854627e-01   2.5635289e+00
  -5.0387957e-01  -2.2430962e+00  -6.9170486e-01  -2.8632194e+00  -6.3856580e-01   2.5564054e+00
  -4.9534408e-01  -2.2372587e+00  -6.8595092e-01  -2.8483067e+00  -6.2584671e-01   2.5516847e+00
  -4.9538230e-01  -2.2394176e+00  -6.9399583e-01  -2.8494633e+00  -6.2725716e-01   2.5569832e+00
  -4.9540727e-01  -2.2409064e+00  -6.9825810e-01  -2.8490721e+00  -6.2822168e-01   2.5556030e+00
  -4.9446826e-01  -2.2346056e+00  -6.9772775e-01  -2.8439757e+00  -6.3316023e-01   2.5531053e+00
  -4.9640595e-01  -2.2320781e+00  -6.9224143e-01  -2.8446707e+00  -6.3312512e-01   2.5423601e+00
  -5.0949897e-01  -2.2203848e+00  -7.0624633e-01  -2.8302778e+00  -6.3069957e-01   2.5509905e+00
  -4.9439372e-01  -2.2271150e+00  -7.0413288e-01  -2.8392229e+00  -6.3443083e-01   2.5552300e+00
  -4.7810373e-01  -2.2253853e+00  -6.8993853e-01  -2.8284047e+00  -6.3034076e-01   2.5449316e+00
  -4.8981592e-01  -2.2260608e+00  -7.1826411e-01  -2.8269587e+00  -6.4679266e-01   2.5455296e+00
  -4.9644763e-01  -2.2215477e+00  -7.0374686e-01  -2.8322016e+00  -6.3852047e-01   2.5501743e+00
  -5.0221789e-01  -2.2327528e+00  -7.1309379e-01  -2.8133181e+00  -6.4350920e-01   2.5609033e+00
  -4.9331475e-01  -2.2194943e+00  -7.0490404e-01  -2.8248643e+00  -6.5111121e-01   2.5726044e+00
  -4.9405074e-01  -2.2148133e+00  -7.1365448e-01  -2.8222063e+00  -6.4488184e-01   2.5532824e+00
  -4.7772188e-01  -2.2000364e+00  -7.0597983e-01  -2.8143777e+00  -6.5447866e-01   2.5586361e+00
  -4.9871543e-01  -2.2074158e+00  -7.1382462e-01  -2.8115866e+00  -6.5136850e-01   2.5526767e+00
  -4.8748211e-01  -2.1957192e+00  -7.0674271e-01  -2.7945409e+00  -6.5452191e-01   2.5421706e+00
  -4.9599043e-01  -2.2036443e+00  -7.1498249e-01  -2.8095261e+00  -6.5294666e-01   2.5496436e+00
  -4.9772015e-01  -2.2036272e+00  -7.1921239e-01  -2.8108195e+00  -6.4965685e-01   2.5516167e+00
  -4.9906462e-01  -2.1975564e+00  -7.1384002e-01  -2.8015970e+00  -6.5322929e-01   2.5527229e+00
  -4.9673458e-01  -2.1998258e+00  -7.2267961e-01  -2.7986320e+00  -6.5701849e-01   2.5536464e+00
  -5.1273114e-01  -2.1908212e+00  -7.2254508e-01  -2.7967619e+00  -6.6290831e-01   2.5445298e+00
  -5.0750739e-01  -2.1894296e+00  -7.2420458e-01  -2.8102076e+00  -6.6928675e-01   2.5398836e+00
  -4.9916596e-01  -2.1921390e+00  -7.2133837e-01  -2.7913963e+00  -6.6064549e-01   2.5511893e+00
  -5.0078328e-01  -2.1850442e+00  -7.2496742e-01  -2.7876239e+00  -6.6343672e-01   2.5514772e+00
  -4.9876517e-01  -2.1873904e+00  -7.2337336e-01  -2.7877132e+00  -6.6632028e-01   2.5492472e+00
  -4.9511281e-01  -2.1879899e+00  -7.2550560e-01  -2.7784500e+00  -6.6326508e-01   2.5509381e+00
  -4.9768341e-01  -2.1798262e+00  -7.2954596e-01  -2.7758942e+00  -6.7223652e-01   2.5483434e+00
  -5.0002961e-01  -2.1765209e+00  -7.3140339e-01  -2.7730707e+00  -6.7126300e-01   2.5470555e+00
  -5.0015299e-01  -2.1743982e+00  -7.3098849e-01  -2.7742715e+00  -6.7397809e-01   2.5488634e+00
  -4.9969122e-01  -2.1731334e+00  -7.2809476e-01  -2.7690462e+00  -6.7443848e-01   2.5490405e+00
