   0.0000000e+00   1.5342025e+02   3.9925709e+01  -1.3585657e+00   6.7813741e+01   1.1869087e+01   4.2527852e-01   9.0607863e+01   3.4705520e+01  -1.9424570e-01
   1.0000000e-01   1.5740579e+02   3.9781865e+01  -1.3334191e+00   6.9003208e+01   1.1910733e+01   2.0340994e-01   9.4076639e+01   3.4665154e+01  -6.6972710e-01
   2.0000000e-01   1.6137703e+02   3.9636888e+01  -1.4897060e+00   7.0193979e+01   1.1890014e+01  -6.0524985e-01   9.7540418e+01   3.4615007e+01  -4.0739767e-01
   3.0000000e-01   1.6533308e+02   3.9471490e+01  -1.9055965e+00   7.1379598e+01   1.1821133e+01  -7.2635598e-01   1.0099917e+02   3.4558549e+01  -6.5426471e-01
   4.0000000e-01   1.6927032e+02   3.9270565e+01  -2.0090247e+00   7.2557571e+01   1.1737686e+01  -9.5782097e-01   1.0445114e+02   3.4481715e+01  -7.6804240e-01
   5.0000000e-01   1.7318910e+02   3.9120030e+01  -1.1906902e+00   7.3726660e+01   1.1641083e+01  -8.7780340e-01   1.0789502e+02   3.4380245e+01  -1.4706919e+00
   6.0000000e-01   1.7709273e+02   3.8948970e+01  -1.6277797e+00   7.4885518e+01   1.1529782e+01  -1.4098700e+00   1.1132568e+02   3.4227400e+01  -2.0860634e+00
   7.0000000e-01   1.8097916e+02   3.8777075e+01  -1.8507544e+00   7.6032607e+01   1.1416267e+01  -1.1136998e+00   1.1473847e+02   3.4031473e+01  -2.0101974e+00
   8.0000000e-01   1.8484853e+02   3.8628263e+01  -9.3998107e-01   7.7167129e+01   1.1262669e+01  -1.7940745e+00   1.1813285e+02   3.3862808e+01  -1.7973278e+00
   9.0000000e-01   1.8870737e+02   3.8560321e+01  -6.0804438e-01   7.8285245e+01   1.1103775e+01  -1.8359915e+00   1.2150990e+02   3.3683161e+01  -1.7424305e+00
   1.0000000e+00   1.9256083e+02   3.8519299e+01   4.5192038e-02   7.9387718e+01   1.0951250e+01  -1.6346279e+00   1.2486968e+02   3.3508075e+01  -1.7928172e+00
   1.1000000e+00   1.9641506e+02   3.8567793e+01   5.7966933e-01   8.0475505e+01   1.0809227e+01  -1.3698438e+00   1.2821275e+02   3.3362124e+01  -1.1919773e+00
   1.2000000e+00   2.0027543e+02   3.8641406e+01   5.7540615e-01   8.1549264e+01   1.0674031e+01  -1.2131476e+00   1.3154318e+02   3.3244660e+01  -1.2297454e+00
   1.3000000e+00   2.0414273e+02   3.8705110e+01   5.9210132e-01   8.2611968e+01   1.0588287e+01  -6.1554420e-01   1.3486070e+02   3.3106381e+01  -1.4296671e+00
   1.4000000e+00   2.0801565e+02   3.8736631e+01  -1.5197656e-01   8.3668614e+01   1.0539344e+01  -1.0350974e+00   1.3816392e+02   3.2963541e+01  -1.3123413e+00
   1.5000000e+00   2.1188781e+02   3.8698180e+01  -6.0115311e-01   8.4717406e+01   1.0432586e+01  -1.3401147e+00   1.4145331e+02   3.2822499e+01  -1.5017151e+00
   1.6000000e+00   2.1575565e+02   3.8663098e+01  -2.3901052e-01   8.5754717e+01   1.0319595e+01  -1.0481823e+00   1.4472833e+02   3.2677549e+01  -1.3034369e+00
   1.7000000e+00   2.1962176e+02   3.8671565e+01   4.4304314e-01   8.6782093e+01   1.0233481e+01  -7.6205259e-01   1.4799013e+02   3.2557601e+01  -1.1263834e+00
   1.8000000e+00   2.2349200e+02   3.8737605e+01   5.5750985e-01   8.7801416e+01   1.0156356e+01  -5.3084458e-01   1.5123923e+02   3.2424952e+01  -9.0878968e-01
   1.9000000e+00   2.2736802e+02   3.8787529e+01   7.0538866e-01   8.8814560e+01   1.0109769e+01  -3.6672976e-01   1.5447675e+02   3.2329019e+01  -9.2134539e-01
   2.0000000e+00   2.3124924e+02   3.8828308e+01   2.5639906e-01   8.9823483e+01   1.0058995e+01  -9.3259155e-01   1.5770644e+02   3.2270576e+01  -5.4666307e-01
   2.1000000e+00   2.3513464e+02   3.8875799e+01   4.2751727e-01   9.0822727e+01   9.9190496e+00  -1.7417613e+00   1.6093083e+02   3.2202594e+01  -1.0882309e+00
   2.2000000e+00   2.3902334e+02   3.8902278e+01   4.0958429e-01   9.1805789e+01   9.7398844e+00  -1.9511759e+00   1.6414478e+02   3.2066907e+01  -1.5562248e+00
   2.3000000e+00   2.4291591e+02   3.8958512e+01   1.0000444e+00   9.2768554e+01   9.4975878e+00  -2.6472933e+00   1.6734348e+02   3.1901361e+01  -1.8268007e+00
   2.4000000e+00   2.4681766e+02   3.9088989e+01   1.6615280e+00   9.3704747e+01   9.2266747e+00  -2.7516696e+00   1.7052507e+02   3.1748315e+01  -1.1916632e+00
   2.5000000e+00   2.5073471e+02   3.9251557e+01   1.6469388e+00   9.4613152e+01   8.9497177e+00  -2.5745734e+00   1.7369343e+02   3.1613074e+01  -1.6615317e+00
   2.6000000e+00   2.5466864e+02   3.9420529e+01   1.3584955e+00   9.5495066e+01   8.6881364e+00  -2.5918598e+00   1.7684580e+02   3.1434782e+01  -1.6937334e+00
   2.7000000e+00   2.5861611e+02   3.9522953e+01   7.3260559e-01   9.6352021e+01   8.4646090e+00  -1.7855451e+00   1.7997897e+02   3.1227581e+01  -2.0377757e+00
   2.8000000e+00   2.6257026e+02   3.9556635e+01   5.3332169e-01   9.7189165e+01   8.2753604e+00  -1.8186015e+00   1.8309105e+02   3.1008740e+01  -2.3811765e+00
   2.9000000e+00   2.6652643e+02   3.9558751e+01   4.7749678e-02   9.8009685e+01   8.1483312e+00  -9.6962071e-01   1.8617902e+02   3.0752900e+01  -2.5416794e+00
   3.0000000e+00   2.7048212e+02   3.9555715e+01   3.6354112e-02   9.8818642e+01   8.0251954e+00  -1.4174586e+00   1.8924327e+02   3.0548436e+01  -1.5539078e+00
   3.1000000e+00   2.7443717e+02   3.9536000e+01  -3.6178340e-01   9.9615152e+01   7.9062514e+00  -1.4545912e+00   1.9229085e+02   3.0397994e+01  -1.8531407e+00
   3.2000000e+00   2.7839036e+02   3.9521318e+01  -2.4090334e-01   1.0039906e+02   7.7611346e+00  -1.8535976e+00   1.9531953e+02   3.0172949e+01  -2.2459930e+00
   3.3000000e+00   2.8234267e+02   3.9527971e+01  -4.1517171e-02   1.0116538e+02   7.5697408e+00  -1.8392857e+00   1.9832545e+02   2.9949186e+01  -1.9114703e+00
   3.4000000e+00   2.8629634e+02   3.9551467e+01   2.4464405e-01   1.0191293e+02   7.3785120e+00  -1.8272350e+00   2.0131068e+02   2.9767066e+01  -1.4354353e+00
   3.5000000e+00   2.9025058e+02   3.9522024e+01  -4.7453602e-01   1.0264097e+02   7.1830983e+00  -2.0534976e+00   2.0427933e+02   2.9611053e+01  -1.3016206e+00
   3.6000000e+00   2.9419913e+02   3.9444690e+01  -1.0077116e+00   1.0334983e+02   7.0017542e+00  -1.5980937e+00   2.0723382e+02   2.9476927e+01  -1.3878843e+00
   3.7000000e+00   2.9813968e+02   3.9373722e+01  -2.4046579e-01   1.0404100e+02   6.8185824e+00  -1.8193480e+00   2.1017507e+02   2.9346647e+01  -1.5883732e+00
   3.8000000e+00   3.0207481e+02   3.9322590e+01  -4.3931037e-01   1.0471350e+02   6.6239361e+00  -2.0722983e+00   2.1310075e+02   2.9159929e+01  -1.9158556e+00
   3.9000000e+00   3.0600536e+02   3.9283386e+01  -5.7005325e-01   1.0536650e+02   6.4398314e+00  -1.6981522e+00   2.1600641e+02   2.8947557e+01  -2.3738490e+00
   4.0000000e+00   3.0993257e+02   3.9268536e+01  -6.5138878e-02   1.0600195e+02   6.2613666e+00  -1.5605454e+00   2.1888831e+02   2.8679119e+01  -2.9532807e+00
   4.1000000e+00   3.1385994e+02   3.9276716e+01   7.2369458e-02   1.0661962e+02   6.0892040e+00  -1.6002215e+00   2.2174066e+02   2.8371670e+01  -2.7615185e+00
   4.2000000e+00   3.1778792e+02   3.9284840e+01   1.6808337e-01   1.0722264e+02   5.9848674e+00  -7.3461868e-01   2.2456467e+02   2.8108430e+01  -2.4549191e+00
   4.3000000e+00   3.2171796e+02   3.9330101e+01   9.0691067e-01   1.0781683e+02   5.8870986e+00  -1.3250151e+00   2.2736278e+02   2.7853201e+01  -2.5524606e+00
   4.4000000e+00   3.2565520e+02   3.9410973e+01   1.0159652e+00   1.0839774e+02   5.7308667e+00  -1.5592550e+00   2.3013565e+02   2.7602782e+01  -2.5468346e+00
   4.5000000e+00   3.2960201e+02   3.9526566e+01   9.4845941e-01   1.0896370e+02   5.5927474e+00  -1.1126658e+00   2.3288446e+02   2.7387636e+01  -2.0276531e+00
   4.6000000e+00   3.3355738e+02   3.9569217e+01   1.8154800e-01   1.0951719e+02   5.4757053e+00  -9.9493252e-01   2.3561398e+02   2.7208684e+01  -1.7406094e+00
   4.7000000e+00   3.3751528e+02   3.9584255e+01   2.1035803e-01   1.1006002e+02   5.3835768e+00  -7.3617577e-01   2.3832627e+02   2.7035610e+01  -1.7334595e+00
   4.8000000e+00   3.4147333e+02   3.9570813e+01  -3.0169276e-01   1.1059512e+02   5.3248487e+00  -4.2051538e-01   2.4102118e+02   2.6860500e+01  -1.5832248e+00
   4.9000000e+00   3.4542852e+02   3.9526122e+01  -7.1637013e-01   1.1112585e+02   5.2913929e+00  -3.6217508e-01   2.4370034e+02   2.6732170e+01  -8.8548062e-01
   5.0000000e+00   3.4937882e+02   3.9495320e+01   1.0475916e-01   1.1165425e+02   5.2807089e+00   8.5462059e-04   2.4636847e+02   2.6638113e+01  -6.9603875e-01
   5.1000000e+00   3.5332973e+02   3.9524300e+01   7.3410450e-02   1.1218097e+02   5.2411079e+00  -5.8853234e-01   2.4902870e+02   2.6574537e+01  -2.6941425e-01
   5.2000000e+00   3.5728426e+02   3.9576065e+01   6.8049498e-01   1.1270300e+02   5.1974549e+00  -5.4559157e-01   2.5168460e+02   2.6539595e+01  -4.6128931e-01
   5.3000000e+00   3.6124667e+02   3.9689064e+01   1.6302975e+00   1.1322093e+02   5.1781201e+00   1.4725814e-01   2.5433627e+02   2.6490764e+01  -6.8378940e-01
   5.4000000e+00   3.6522363e+02   3.9850684e+01   1.8600801e+00   1.1374107e+02   5.2408718e+00   9.6263873e-01   2.5698044e+02   2.6394631e+01  -7.6869366e-01
   5.5000000e+00   3.6921747e+02   4.0022546e+01   1.7726626e+00   1.1426995e+02   5.3440692e+00   1.3513077e+00   2.5961666e+02   2.6342972e+01  -3.8826134e-01
   5.6000000e+00   3.7322871e+02   4.0209778e+01   2.1332641e+00   1.1481103e+02   5.4848953e+00   1.6021560e+00   2.6224863e+02   2.6291072e+01  -4.9658588e-01
   5.7000000e+00   3.7726071e+02   4.0440079e+01   2.5425837e+00   1.1536761e+02   5.6482799e+00   1.4705528e+00   2.6487463e+02   2.6223986e+01  -1.0177539e+00
   5.8000000e+00   3.8131675e+02   4.0679110e+01   2.3681752e+00   1.1594121e+02   5.8285007e+00   1.7336285e+00   2.6749295e+02   2.6148300e+01  -5.9174037e-01
   5.9000000e+00   3.8539550e+02   4.0890799e+01   1.7495391e+00   1.1653318e+02   6.0213113e+00   2.3466200e+00   2.7010529e+02   2.6111289e+01   1.2554183e-02
   6.0000000e+00   3.8949356e+02   4.1074275e+01   1.9093384e+00   1.1714722e+02   6.2558124e+00   2.1228195e+00   2.7271764e+02   2.6132805e+01   7.4461710e-02
   6.1000000e+00   3.9361126e+02   4.1284714e+01   2.1741566e+00   1.1778241e+02   6.4443577e+00   1.9198907e+00   2.7533133e+02   2.6142173e+01  -7.7268506e-02
   6.2000000e+00   3.9775118e+02   4.1522011e+01   2.4205505e+00   1.1843712e+02   6.6562443e+00   2.1477443e+00   2.7794715e+02   2.6179248e+01   8.3636668e-01
   6.3000000e+00   4.0191556e+02   4.1777075e+01   2.8515971e+00   1.1911241e+02   6.8430292e+00   1.6114496e+00   2.8056972e+02   2.6269757e+01   8.1346776e-01
   6.4000000e+00   4.0610737e+02   4.2046459e+01   2.4644621e+00   1.1980483e+02   7.0038516e+00   1.6777934e+00   2.8320058e+02   2.6337727e+01   2.1882171e-01
   6.5000000e+00   4.1032190e+02   4.2235403e+01   2.0473014e+00   1.2051387e+02   7.1822614e+00   1.8769921e+00   2.8583637e+02   2.6394604e+01   9.5639846e-01
   6.6000000e+00   4.1455694e+02   4.2479999e+01   3.0313393e+00   1.2124200e+02   7.3842542e+00   2.2131960e+00   2.8848048e+02   2.6489676e+01   1.0734915e+00
   6.7000000e+00   4.1882105e+02   4.2817822e+01   3.7501644e+00   1.2199278e+02   7.6370028e+00   2.5786902e+00   2.9113482e+02   2.6592274e+01   9.7707318e-01
   6.8000000e+00   4.2312080e+02   4.3171693e+01   3.3371457e+00   1.2276929e+02   7.9013065e+00   2.9131945e+00   2.9379963e+02   2.6706695e+01   1.3486402e+00
   6.9000000e+00   4.2745517e+02   4.3520894e+01   3.5907120e+00   1.2357492e+02   8.2278512e+00   3.8121963e+00   2.9647859e+02   2.6876660e+01   1.4192623e+00
   7.0000000e+00   4.3182627e+02   4.3900104e+01   3.5486101e+00   1.2441646e+02   8.6049135e+00   3.8927349e+00   2.9917380e+02   2.7045183e+01   2.3687843e+00
   7.1000000e+00   4.3623492e+02   4.4275216e+01   3.8464765e+00   1.2529812e+02   9.0356873e+00   4.3013145e+00   3.0189016e+02   2.7284260e+01   2.0731058e+00
   7.2000000e+00   4.4068175e+02   4.4654974e+01   3.4965704e+00   1.2622185e+02   9.4258954e+00   3.4195491e+00   3.0462920e+02   2.7491927e+01   1.9373874e+00
   7.3000000e+00   4.4516580e+02   4.5027882e+01   3.6715821e+00   1.2718182e+02   9.7658951e+00   3.2238765e+00   3.0738660e+02   2.7658418e+01   2.1455210e+00
   7.4000000e+00   4.4968652e+02   4.5386401e+01   3.8541597e+00   1.2817559e+02   1.0117443e+01   3.5635027e+00   3.1016194e+02   2.7841560e+01   1.6714039e+00
   7.5000000e+00   4.5424444e+02   4.5773560e+01   3.9708701e+00   1.2920598e+02   1.0497040e+01   3.9237531e+00   3.1295496e+02   2.8015362e+01   1.7389722e+00
   7.6000000e+00   4.5884371e+02   4.6206711e+01   3.9383114e+00   1.3027625e+02   1.0903955e+01   3.8557430e+00   3.1576610e+02   2.8215294e+01   2.2154847e+00
   7.7000000e+00   4.6348571e+02   4.6645602e+01   4.8917241e+00   1.3138685e+02   1.1309956e+01   4.1535704e+00   3.1859796e+02   2.8422446e+01   2.1893841e+00
   7.8000000e+00   4.6817372e+02   4.7117611e+01   4.7257261e+00   1.3253715e+02   1.1678831e+01   3.3227438e+00   3.2144939e+02   2.8600898e+01   1.6529730e+00
   7.9000000e+00   4.7290875e+02   4.7580446e+01   4.7076128e+00   1.3371998e+02   1.1965703e+01   2.8507651e+00   3.2431733e+02   2.8748093e+01   1.4202017e+00
   8.0000000e+00   4.7769006e+02   4.8059341e+01   5.2676803e+00   1.3493103e+02   1.2261465e+01   3.3797831e+00   3.2720002e+02   2.8902955e+01   1.3443709e+00
   8.1000000e+00   4.8252316e+02   4.8613685e+01   5.7744817e+00   1.3617356e+02   1.2590981e+01   3.3890501e+00   3.3009758e+02   2.9061915e+01   2.1738675e+00
   8.2000000e+00   4.8741194e+02   4.9167415e+01   5.4694314e+00   1.3745024e+02   1.2944401e+01   3.4413322e+00   3.3301425e+02   2.9255150e+01   1.5829643e+00
   8.3000000e+00   4.9235648e+02   4.9718026e+01   5.4026651e+00   1.3876018e+02   1.3236091e+01   2.6563562e+00   3.3594635e+02   2.9392481e+01   1.5091816e+00
   8.4000000e+00   4.9735576e+02   5.0270157e+01   5.4770136e+00   1.4009804e+02   1.3533293e+01   3.0883184e+00   3.3889217e+02   2.9519219e+01   1.1329023e+00
   8.5000000e+00   5.0241082e+02   5.0841359e+01   6.2897248e+00   1.4146502e+02   1.3800270e+01   2.6876617e+00   3.4184895e+02   2.9613537e+01   7.7566527e-01
   8.6000000e+00   5.0752788e+02   5.1504703e+01   6.7233845e+00   1.4286011e+02   1.4104151e+01   2.8929894e+00   3.4481666e+02   2.9752136e+01   1.3818546e+00
   8.7000000e+00   5.1271333e+02   5.2210950e+01   7.3430776e+00   1.4428383e+02   1.4360586e+01   2.4389554e+00   3.4779838e+02   2.9876588e+01   1.2061583e+00
   8.8000000e+00   5.1797250e+02   5.2978273e+01   7.7269823e+00   1.4573265e+02   1.4627850e+01   3.0574949e+00   3.5079330e+02   3.0021301e+01   1.3094014e+00
   8.9000000e+00   5.2330951e+02   5.3759512e+01   7.8011065e+00   1.4721091e+02   1.4935809e+01   3.2522268e+00   3.5380187e+02   3.0158326e+01   1.6130427e+00
   9.0000000e+00   5.2872598e+02   5.4575175e+01   8.2007535e+00   1.4872129e+02   1.5280330e+01   3.8760799e+00   3.5682536e+02   3.0313112e+01   1.5738640e+00
   9.1000000e+00   5.3422230e+02   5.5338032e+01   7.5847849e+00   1.5027034e+02   1.5720168e+01   4.8393659e+00   3.5986404e+02   3.0466266e+01   1.8013183e+00
   9.2000000e+00   5.3979549e+02   5.6148497e+01   8.4151691e+00   1.5186716e+02   1.6220979e+01   5.1455728e+00   3.6291876e+02   3.0614759e+01   1.0952461e+00
   9.3000000e+00   5.4545377e+02   5.7026922e+01   8.9487227e+00   1.5351462e+02   1.6719004e+01   4.5847127e+00   3.6598410e+02   3.0690182e+01   7.0505450e-01
   9.4000000e+00   5.5120147e+02   5.7922904e+01   8.6992312e+00   1.5520832e+02   1.7145422e+01   4.0600102e+00   3.6905611e+02   3.0744824e+01   5.5162997e-01
   9.5000000e+00   5.5703872e+02   5.8831591e+01   9.2475798e+00   1.5694413e+02   1.7569066e+01   3.8159491e+00   3.7213390e+02   3.0809517e+01   5.0988443e-01
   9.6000000e+00   5.6296835e+02   5.9759149e+01   9.3581740e+00   1.5871932e+02   1.7924673e+01   3.3048223e+00   3.7521713e+02   3.0853538e+01   5.6477099e-01
   9.7000000e+00   5.6899218e+02   6.0724596e+01   9.7415265e+00   1.6053064e+02   1.8311240e+01   3.6777798e+00   3.7830417e+02   3.0890713e+01   6.9796661e-01
   9.8000000e+00   5.7511495e+02   6.1738758e+01   1.0166326e+01   1.6237968e+02   1.8663060e+01   3.1095203e+00   3.8139727e+02   3.0975865e+01   8.4651487e-01
   9.9000000e+00   5.8133834e+02   6.2720988e+01   9.7858638e+00   1.6426156e+02   1.8974290e+01   3.2823360e+00   3.8449917e+02   3.1060863e+01   8.3923474e-01
   1.0000000e+01   5.8765906e+02   6.3705212e+01   1.0252056e+01   1.6617541e+02   1.9299693e+01   3.2646908e+00   3.8760802e+02   3.1110604e+01   4.9801125e-01
   1.0100000e+01   5.9408281e+02   6.4770208e+01   1.0498703e+01   1.6812165e+02   1.9620121e+01   3.0072392e+00   3.9072015e+02   3.1127518e+01  -2.5331281e-02
   1.0200000e+01   6.0061092e+02   6.5790154e+01   1.0203705e+01   1.7009731e+02   1.9874043e+01   2.0062969e+00   3.9383082e+02   3.1074800e+01  -1.0048911e+00
   1.0300000e+01   6.0724104e+02   6.6816976e+01   1.0304993e+01   1.7209485e+02   2.0081968e+01   2.2243874e+00   3.9693333e+02   3.0975691e+01  -1.1030819e+00
   1.0400000e+01   6.1397313e+02   6.7810570e+01   9.5849094e+00   1.7411319e+02   2.0273917e+01   1.7478423e+00   4.0002594e+02   3.0882773e+01  -7.4151217e-01
   1.0500000e+01   6.2080273e+02   6.8770424e+01   9.0965071e+00   1.7614908e+02   2.0442898e+01   1.6142836e+00   4.0310944e+02   3.0784594e+01  -8.3307165e-01
   1.0600000e+01   6.2772416e+02   6.9654313e+01   8.7784795e+00   1.7819989e+02   2.0561906e+01   1.0097638e+00   4.0618437e+02   3.0714175e+01  -5.4751843e-01
   1.0700000e+01   6.3473419e+02   7.0555798e+01   9.0760484e+00   1.8026118e+02   2.0666893e+01   1.2083122e+00   4.0925304e+02   3.0652854e+01  -1.1615311e+00
   1.0800000e+01   6.4183560e+02   7.1477696e+01   9.4053465e+00   1.8233235e+02   2.0746738e+01   4.3561628e-01   4.1231466e+02   3.0594988e+01  -1.8898342e-01
   1.0900000e+01   6.4902878e+02   7.2376531e+01   8.7608358e+00   1.8441031e+02   2.0817726e+01   8.5291460e-01   4.1537411e+02   3.0603278e+01   3.7720431e-01
   1.1000000e+01   6.5630908e+02   7.3223225e+01   8.4418912e+00   1.8649488e+02   2.0863544e+01   3.0785927e-01   4.1843572e+02   3.0634627e+01   5.1861959e-01
   1.1100000e+01   6.6367317e+02   7.4060941e+01   8.4961713e+00   1.8858279e+02   2.0892628e+01   2.0004966e-01   4.2150175e+02   3.0698964e+01   1.2417464e+00
   1.1200000e+01   6.7112086e+02   7.4885677e+01   8.0246157e+00   1.9067306e+02   2.0905817e+01   1.3202842e-01   4.2457791e+02   3.0834446e+01   1.4604394e+00
   1.1300000e+01   6.7864890e+02   7.5668616e+01   7.3705272e+00   1.9276369e+02   2.0908298e+01   1.8892039e-01   4.2766882e+02   3.0975906e+01   1.2549683e+00
   1.1400000e+01   6.8625321e+02   7.6415230e+01   7.3327752e+00   1.9485540e+02   2.0923817e+01   2.6952221e-01   4.3077433e+02   3.1143401e+01   1.6480685e+00
   1.1500000e+01   6.9393043e+02   7.7127733e+01   7.0309978e+00   1.9694808e+02   2.0934372e+01   4.5514800e-01   4.3389745e+02   3.1320651e+01   1.5982328e+00
   1.1600000e+01   7.0167753e+02   7.7812067e+01   6.5696836e+00   1.9904454e+02   2.0999090e+01   7.9561505e-01   4.3703728e+02   3.1481693e+01   2.1083027e+00
   1.1700000e+01   7.0949035e+02   7.8431273e+01   6.0674943e+00   2.0114756e+02   2.1052851e+01   1.5523209e-01   4.4019616e+02   3.1688620e+01   1.6992444e+00
   1.1800000e+01   7.1736271e+02   7.9006107e+01   5.6602628e+00   2.0325467e+02   2.1104273e+01   8.0471231e-01   4.4337370e+02   3.1862307e+01   1.9879775e+00
   1.1900000e+01   7.2529003e+02   7.9542555e+01   5.5116703e+00   2.0536946e+02   2.1197036e+01   1.3066427e+00   4.4657063e+02   3.2086988e+01   2.4024668e+00
   1.2000000e+01   7.3327247e+02   8.0110042e+01   5.6262827e+00   2.0749700e+02   2.1352920e+01   1.3181108e+00   4.4979111e+02   3.2330777e+01   2.8226403e+00
   1.2100000e+01   7.4131230e+02   8.0696358e+01   6.2202302e+00   2.0963876e+02   2.1482921e+01   1.3728633e+00   4.5303724e+02   3.2591614e+01   2.7803418e+00
   1.2200000e+01   7.4941380e+02   8.1338825e+01   6.7682545e+00   2.1179290e+02   2.1591045e+01   7.6234099e-01   4.5631002e+02   3.2855930e+01   2.2474673e+00
   1.2300000e+01   7.5757986e+02   8.1969327e+01   6.1479521e+00   2.1395545e+02   2.1653505e+01   6.3143571e-01   4.5960806e+02   3.3112282e+01   2.6121865e+00
   1.2400000e+01   7.6580722e+02   8.2588221e+01   6.4806486e+00   2.1612373e+02   2.1709242e+01   3.3396688e-01   4.6293014e+02   3.3320665e+01   1.8902097e+00
   1.2500000e+01   7.7409995e+02   8.3274586e+01   7.1721280e+00   2.1829461e+02   2.1698273e+01  -1.9675557e-01   4.6627080e+02   3.3498169e+01   1.9548622e+00
   1.2600000e+01   7.8246390e+02   8.4010373e+01   7.5656756e+00   2.2046316e+02   2.1664555e+01  -4.0495654e-01   4.6963148e+02   3.3726228e+01   2.6858879e+00
   1.2700000e+01   7.9090205e+02   8.4736838e+01   6.9409534e+00   2.2262830e+02   2.1644853e+01  -1.9287198e-01   4.7301953e+02   3.4043877e+01   3.3144725e+00
   1.2800000e+01   7.9940974e+02   8.5416604e+01   6.7311203e+00   2.2479237e+02   2.1640983e+01   3.1098620e-01   4.7644045e+02   3.4359816e+01   2.7728675e+00
   1.2900000e+01   8.0798426e+02   8.6068710e+01   6.2047446e+00   2.2695835e+02   2.1679279e+01   5.5820931e-01   4.7989148e+02   3.4672164e+01   3.5007630e+00
   1.3000000e+01   8.1662179e+02   8.6672929e+01   5.8484137e+00   2.2913075e+02   2.1776810e+01   1.1889530e+00   4.8337762e+02   3.5055353e+01   3.9834062e+00
   1.3100000e+01   8.2531875e+02   8.7274034e+01   6.1317321e+00   2.3131439e+02   2.1893713e+01   1.4077593e+00   4.8690271e+02   3.5448684e+01   3.8742303e+00
   1.3200000e+01   8.3407756e+02   8.7902302e+01   6.2094598e+00   2.3351265e+02   2.2087321e+01   2.2976383e+00   4.9046802e+02   3.5850710e+01   4.0766308e+00
   1.3300000e+01   8.4289908e+02   8.8534867e+01   6.5516911e+00   2.3573098e+02   2.2260538e+01   1.1175437e+00   4.9407317e+02   3.6261567e+01   4.4050080e+00
   1.3400000e+01   8.5178594e+02   8.9198927e+01   6.1977660e+00   2.3796373e+02   2.2403741e+01   1.4382378e+00   4.9772242e+02   3.6745697e+01   5.1856041e+00
   1.3500000e+01   8.6073579e+02   8.9790801e+01   5.6785750e+00   2.4021264e+02   2.2585814e+01   2.1801907e+00   5.0142281e+02   3.7264523e+01   5.1802652e+00
   1.3600000e+01   8.6974344e+02   9.0368582e+01   5.9451053e+00   2.4248321e+02   2.2830630e+01   2.6242801e+00   5.0517627e+02   3.7809924e+01   5.5154163e+00
   1.3700000e+01   8.7881108e+02   9.0986110e+01   6.2700625e+00   2.4477923e+02   2.3084580e+01   2.0911455e+00   5.0898446e+02   3.8348038e+01   5.1700959e+00
   1.3800000e+01   8.8794140e+02   9.1629760e+01   6.8104925e+00   2.4709745e+02   2.3266644e+01   1.1234217e+00   5.1284487e+02   3.8858927e+01   4.9697640e+00
   1.3900000e+01   8.9713969e+02   9.2350810e+01   7.9712325e+00   2.4942942e+02   2.3370353e+01   8.4306808e-01   5.1675582e+02   3.9370097e+01   5.1941672e+00
   1.4000000e+01   9.0641542e+02   9.3153567e+01   7.6886530e+00   2.5176910e+02   2.3406148e+01   1.2849116e-01   5.2071782e+02   3.9872361e+01   4.9143638e+00
   1.4100000e+01   9.1576722e+02   9.3878546e+01   7.1407275e+00   2.5411108e+02   2.3443560e+01   5.4440572e-01   5.2472747e+02   4.0304912e+01   3.8828999e+00
   1.4200000e+01   9.2519190e+02   9.4623273e+01   7.4456284e+00   2.5645861e+02   2.3512483e+01   8.0769120e-01   5.2877742e+02   4.0696843e+01   4.1913206e+00
   1.4300000e+01   9.3469101e+02   9.5356713e+01   7.0408330e+00   2.5881451e+02   2.3619955e+01   1.5484621e+00   5.3286711e+02   4.1082822e+01   3.6935733e+00
   1.4400000e+01   9.4426285e+02   9.6078514e+01   7.1839631e+00   2.6118409e+02   2.3772140e+01   1.4006292e+00   5.3699480e+02   4.1471032e+01   3.9068335e+00
   1.4500000e+01   9.5390549e+02   9.6779233e+01   6.9628474e+00   2.6356646e+02   2.3867360e+01   6.5778513e-01   5.4116144e+02   4.1862244e+01   4.2556328e+00
   1.4600000e+01   9.6361784e+02   9.7465777e+01   7.0188796e+00   2.6595620e+02   2.3926201e+01   7.1031360e-01   5.4536941e+02   4.2295319e+01   4.3835642e+00
   1.4700000e+01   9.7339976e+02   9.8176410e+01   7.2236172e+00   2.6835242e+02   2.4003408e+01   9.6085501e-01   5.4962195e+02   4.2756915e+01   4.8372700e+00
   1.4800000e+01   9.8325507e+02   9.8946252e+01   7.9946440e+00   2.7075608e+02   2.4073670e+01   9.9570505e-01   5.5392366e+02   4.3283181e+01   5.3786830e+00
   1.4900000e+01   9.9318914e+02   9.9734761e+01   8.0190479e+00   2.7316726e+02   2.4161223e+01   1.3316612e+00   5.5827949e+02   4.3836826e+01   5.6979336e+00
   1.5000000e+01   1.0032038e+03   1.0056222e+02   8.1696781e+00   2.7559119e+02   2.4317449e+01   1.3903098e+00   5.6269138e+02   4.4393215e+01   5.4127403e+00
   1.5100000e+01   1.0133009e+03   1.0138931e+02   8.7457613e+00   2.7803169e+02   2.4500740e+01   1.8420925e+00   5.6715784e+02   4.4940514e+01   5.5902001e+00
   1.5200000e+01   1.0234863e+03   1.0232363e+02   9.0881690e+00   2.8049130e+02   2.4691778e+01   2.1531313e+00   5.7167941e+02   4.5492762e+01   5.6917493e+00
   1.5300000e+01   1.0337658e+03   1.0327379e+02   9.5942171e+00   2.8297095e+02   2.4892850e+01   1.6690037e+00   5.7625656e+02   4.6048544e+01   5.5087026e+00
   1.5400000e+01   1.0441403e+03   1.0419686e+02   8.5532004e+00   2.8546797e+02   2.5062579e+01   2.3057284e+00   5.8088838e+02   4.6577788e+01   4.8520688e+00
   1.5500000e+01   1.0546007e+03   1.0500220e+02   8.1576412e+00   2.8798557e+02   2.5281601e+01   1.9802944e+00   5.8557029e+02   4.7066203e+01   4.9930550e+00
   1.5600000e+01   1.0651417e+03   1.0581110e+02   7.6354980e+00   2.9052504e+02   2.5517403e+01   2.4379305e+00   5.9030242e+02   4.7582476e+01   5.5475787e+00
   1.5700000e+01   1.0757604e+03   1.0656331e+02   7.7605375e+00   2.9309005e+02   2.5780464e+01   2.5169154e+00   5.9508868e+02   4.8143658e+01   5.6662834e+00
   1.5800000e+01   1.0864554e+03   1.0733394e+02   7.6980688e+00   2.9568011e+02   2.6011833e+01   2.0492909e+00   5.9993124e+02   4.8705253e+01   5.6489099e+00
   1.5900000e+01   1.0972278e+03   1.0812294e+02   8.0601788e+00   2.9829110e+02   2.6211791e+01   2.0129883e+00   6.0483068e+02   4.9285163e+01   5.9403845e+00
   1.6000000e+01   1.1080815e+03   1.0895337e+02   8.4696987e+00   3.0092298e+02   2.6434861e+01   2.2604569e+00   6.0978815e+02   4.9863309e+01   5.6731217e+00
   1.6100000e+01   1.1190193e+03   1.0980585e+02   8.7347550e+00   3.0357778e+02   2.6651476e+01   2.0195187e+00   6.1480269e+02   5.0422348e+01   5.5735716e+00
   1.6200000e+01   1.1300436e+03   1.1068164e+02   8.7234182e+00   3.0625360e+02   2.6866068e+01   2.0158370e+00   6.1987350e+02   5.0993973e+01   5.6902823e+00
   1.6300000e+01   1.1411552e+03   1.1153830e+02   8.2326589e+00   3.0895052e+02   2.7070738e+01   1.7903615e+00   6.2500049e+02   5.1542166e+01   5.2140021e+00
   1.6400000e+01   1.1523510e+03   1.1237751e+02   8.2003254e+00   3.1166554e+02   2.7225644e+01   1.4239197e+00   6.3018273e+02   5.2110565e+01   5.7456661e+00
   1.6500000e+01   1.1636321e+03   1.1323926e+02   8.4626794e+00   3.1439618e+02   2.7396882e+01   1.7095814e+00   6.3542299e+02   5.2705291e+01   6.2342217e+00
   1.6600000e+01   1.1749976e+03   1.1406852e+02   8.2340187e+00   3.1714552e+02   2.7595002e+01   1.9420488e+00   6.4072508e+02   5.3341213e+01   6.5023635e+00
   1.6700000e+01   1.1864446e+03   1.1487549e+02   8.2315665e+00   3.1991513e+02   2.7792848e+01   1.7417979e+00   6.4609241e+02   5.4007593e+01   6.7165468e+00
   1.6800000e+01   1.1979723e+03   1.1566697e+02   7.6105439e+00   3.2270447e+02   2.8011619e+01   2.4953770e+00   6.5152661e+02   5.4685100e+01   6.8966680e+00
   1.6900000e+01   1.2095777e+03   1.1643748e+02   7.7488638e+00   3.2551647e+02   2.8229090e+01   2.0423626e+00   6.5702896e+02   5.5372342e+01   6.9561082e+00
   1.7000000e+01   1.2212604e+03   1.1722597e+02   8.0772522e+00   3.2835001e+02   2.8442475e+01   1.9953974e+00   6.6259966e+02   5.6038756e+01   6.6976151e+00
   1.7100000e+01   1.2330215e+03   1.1798028e+02   7.2317367e+00   3.3120368e+02   2.8616342e+01   1.4237795e+00   6.6823806e+02   5.6737272e+01   7.1351429e+00
   1.7200000e+01   1.2448557e+03   1.1871310e+02   7.4800370e+00   3.3407185e+02   2.8760441e+01   1.7790432e+00   6.7394624e+02   5.7416450e+01   6.2680727e+00
   1.7300000e+01   1.2567656e+03   1.1948912e+02   7.6663532e+00   3.3695716e+02   2.8952457e+01   1.9154838e+00   6.7971862e+02   5.8033848e+01   6.4687004e+00
   1.7400000e+01   1.2687523e+03   1.2024227e+02   7.2909819e+00   3.3986202e+02   2.9139725e+01   1.8647403e+00   6.8555414e+02   5.8681541e+01   6.6764825e+00
   1.7500000e+01   1.2808154e+03   1.2102232e+02   7.6900489e+00   3.4278667e+02   2.9352672e+01   1.7528523e+00   6.9145648e+02   5.9378046e+01   7.2245847e+00
   1.7600000e+01   1.2929566e+03   1.2178933e+02   7.0947891e+00   3.4573260e+02   2.9568894e+01   2.2084806e+00   6.9743253e+02   6.0160864e+01   8.1136779e+00
   1.7700000e+01   1.3051712e+03   1.2250587e+02   7.3201737e+00   3.4870221e+02   2.9833684e+01   2.6468892e+00   7.0348808e+02   6.0937712e+01   7.4780494e+00
   1.7800000e+01   1.3174574e+03   1.2320107e+02   6.7720725e+00   3.5169763e+02   3.0065421e+01   1.9113825e+00   7.0961934e+02   6.1680369e+01   7.1769414e+00
   1.7900000e+01   1.3298102e+03   1.2385418e+02   6.5900697e+00   3.5471256e+02   3.0226930e+01   1.8780885e+00   7.1582353e+02   6.2398635e+01   7.0950059e+00
   1.8000000e+01   1.3422283e+03   1.2449736e+02   5.9816070e+00   3.5774456e+02   3.0405309e+01   1.3096268e+00   7.2209853e+02   6.3094764e+01   6.6441619e+00
   1.8100000e+01   1.3547080e+03   1.2509334e+02   5.7976208e+00   3.6078972e+02   3.0487761e+01   8.4213445e-01   7.2843958e+02   6.3706684e+01   5.8393463e+00
   1.8200000e+01   1.3672474e+03   1.2568938e+02   5.7360595e+00   3.6384289e+02   3.0564327e+01   3.5842035e-01   7.3483708e+02   6.4236208e+01   5.2069564e+00
   1.8300000e+01   1.3798454e+03   1.2626554e+02   5.7101292e+00   3.6690203e+02   3.0617711e+01   8.2033800e-02   7.4128650e+02   6.4749935e+01   5.0538949e+00
   1.8400000e+01   1.3925009e+03   1.2683194e+02   5.3102534e+00   3.6996570e+02   3.0664870e+01   1.0226961e+00   7.4778658e+02   6.5254502e+01   5.0704535e+00
   1.8500000e+01   1.4052094e+03   1.2733419e+02   5.0278704e+00   3.7303667e+02   3.0739006e+01   1.0831370e-01   7.5433620e+02   6.5734481e+01   4.7716413e+00
   1.8600000e+01   1.4179679e+03   1.2783102e+02   4.7894852e+00   3.7611018e+02   3.0735413e+01  -8.3874129e-02   7.6093371e+02   6.6206157e+01   4.2895505e+00
   1.8700000e+01   1.4307772e+03   1.2836088e+02   5.5232007e+00   3.7918496e+02   3.0758412e+01   3.3405332e-01   7.6757482e+02   6.6614060e+01   3.8882468e+00
   1.8800000e+01   1.4436407e+03   1.2890159e+02   5.1519354e+00   3.8226170e+02   3.0781867e+01   3.8879929e-01   7.7425683e+02   6.7032430e+01   4.3432897e+00
   1.8900000e+01   1.4565575e+03   1.2943767e+02   5.4636617e+00   3.8534282e+02   3.0851705e+01   8.6327324e-01   7.8098078e+02   6.7434836e+01   3.6481682e+00
   1.9000000e+01   1.4695269e+03   1.2993916e+02   5.1071149e+00   3.8843130e+02   3.0911584e+01   4.0638387e-01   7.8774152e+02   6.7774858e+01   3.0680649e+00
   1.9100000e+01   1.4825455e+03   1.3041819e+02   4.3387520e+00   3.9152547e+02   3.0969222e+01   7.6565925e-01   7.9453415e+02   6.8084526e+01   3.0236260e+00
   1.9200000e+01   1.4956079e+03   1.3081911e+02   3.5672164e+00   3.9462702e+02   3.1058551e+01   7.5921366e-01   8.0135774e+02   6.8391091e+01   3.2890681e+00
   1.9300000e+01   1.5087102e+03   1.3122681e+02   4.0709092e+00   3.9773685e+02   3.1129081e+01   3.5647278e-01   8.0821298e+02   6.8707399e+01   3.1103665e+00
   1.9400000e+01   1.5218542e+03   1.3166277e+02   4.5324008e+00   4.0085137e+02   3.1161512e+01   2.2369799e-01   8.1509898e+02   6.9002430e+01   2.8488387e+00
   1.9500000e+01   1.5350426e+03   1.3210706e+02   4.5259591e+00   4.0396982e+02   3.1208260e+01   3.0633766e-01   8.2201418e+02   6.9320697e+01   4.0706034e+00
   1.9600000e+01   1.5482763e+03   1.3256792e+02   4.6142493e+00   4.0709201e+02   3.1236938e+01   2.4671918e-01   8.2896619e+02   6.9715637e+01   3.7842097e+00
   1.9700000e+01   1.5615586e+03   1.3309724e+02   5.6079825e+00   4.1021666e+02   3.1255180e+01   2.6422019e-01   8.3595791e+02   7.0121924e+01   4.1008575e+00
   1.9800000e+01   1.5748969e+03   1.3366468e+02   5.4997779e+00   4.1334277e+02   3.1258817e+01   2.5954535e-02   8.4299043e+02   7.0524807e+01   3.9394129e+00
   1.9900000e+01   1.5882911e+03   1.3421335e+02   5.2231156e+00   4.1646786e+02   3.1236738e+01  -3.2721761e-01   8.5006289e+02   7.0938897e+01   4.5563539e+00
   2.0000000e+01   1.6017367e+03   1.3469708e+02   4.8447963e+00   4.1958951e+02   3.1196774e+01  -2.1749557e-01   8.5717945e+02   7.1394123e+01   4.7691607e+00
   2.0100000e+01   1.6152303e+03   1.3517105e+02   4.6020215e+00   4.2270680e+02   3.1155799e+01  -3.4368691e-01   8.6434246e+02   7.1863050e+01   4.9427999e+00
   2.0200000e+01   1.6287704e+03   1.3562325e+02   4.5039408e+00   4.2582118e+02   3.1131956e+01  -4.3880620e-01   8.7155217e+02   7.2331700e+01   4.8055914e+00
   2.0300000e+01   1.6423534e+03   1.3603362e+02   4.1749753e+00   4.2893235e+02   3.1096753e+01  -3.0030707e-01   8.7881025e+02   7.2830324e+01   5.0498078e+00
   2.0400000e+01   1.6559773e+03   1.3644758e+02   4.1470631e+00   4.3204135e+02   3.1089434e+01  -1.0766853e-01   8.8611662e+02   7.3300264e+01   5.0254553e+00
   2.0500000e+01   1.6696432e+03   1.3686755e+02   4.2103711e+00   4.3515057e+02   3.1107763e+01   4.0610914e-01   8.9347076e+02   7.3784262e+01   5.0154362e+00
   2.0600000e+01   1.6833502e+03   1.3727143e+02   4.0739362e+00   4.3826394e+02   3.1166914e+01   9.2490212e-01   9.0087516e+02   7.4309852e+01   5.5191917e+00
   2.0700000e+01   1.6970980e+03   1.3770001e+02   4.6520844e+00   4.4138412e+02   3.1232515e+01   5.4356002e-01   9.0833469e+02   7.4888656e+01   5.9075247e+00
   2.0800000e+01   1.7108900e+03   1.3812947e+02   4.0071419e+00   4.4451073e+02   3.1305654e+01   8.3982638e-01   9.1585303e+02   7.5475322e+01   5.9423007e+00
   2.0900000e+01   1.7247235e+03   1.3854455e+02   4.4299736e+00   4.4764650e+02   3.1403180e+01   4.6310086e-01   9.2342930e+02   7.6053323e+01   5.8376607e+00
   2.1000000e+01   1.7385994e+03   1.3897111e+02   4.0856560e+00   4.5078990e+02   3.1477435e+01   9.3595309e-01   9.3106481e+02   7.6661235e+01   6.1331842e+00
   2.1100000e+01   1.7525166e+03   1.3937137e+02   4.2423508e+00   4.5394318e+02   3.1602450e+01   1.5818872e+00   9.3876098e+02   7.7259744e+01   6.2164112e+00
   2.1200000e+01   1.7664736e+03   1.3977054e+02   4.0932310e+00   4.5711150e+02   3.1767268e+01   1.8390608e+00   9.4651840e+02   7.7903690e+01   6.7075804e+00
   2.1300000e+01   1.7804699e+03   1.4015614e+02   4.0572489e+00   4.6029759e+02   3.1952811e+01   1.5015176e+00   9.5434301e+02   7.8597142e+01   7.4416787e+00
   2.1400000e+01   1.7945054e+03   1.4055037e+02   3.9222425e+00   4.6350029e+02   3.2099094e+01   1.3586401e+00   9.6224043e+02   7.9346342e+01   7.1148992e+00
   2.1500000e+01   1.8085812e+03   1.4097027e+02   4.2753433e+00   4.6671750e+02   3.2247643e+01   1.5334222e+00   9.7021088e+02   8.0061724e+01   7.1622973e+00
   2.1600000e+01   1.8226992e+03   1.4138998e+02   4.1867766e+00   4.6994926e+02   3.2390961e+01   1.6195818e+00   9.7825301e+02   8.0781465e+01   7.0898516e+00
   2.1700000e+01   1.8368593e+03   1.4179973e+02   3.8459507e+00   4.7319767e+02   3.2588384e+01   2.1989844e+00   9.8636612e+02   8.1481702e+01   6.9322981e+00
   2.1800000e+01   1.8510586e+03   1.4219165e+02   3.8791381e+00   4.7646696e+02   3.2786629e+01   1.4625249e+00   9.9454966e+02   8.2189542e+01   6.7951255e+00
   2.1900000e+01   1.8652970e+03   1.4256859e+02   3.4483615e+00   4.7975369e+02   3.2953473e+01   1.7989742e+00   1.0028024e+03   8.2865369e+01   6.7456291e+00
   2.2000000e+01   1.8795726e+03   1.4296103e+02   4.2839432e+00   4.8305828e+02   3.3147381e+01   2.4870472e+00   1.0111210e+03   8.3496951e+01   6.1984035e+00
   2.2100000e+01   1.8938899e+03   1.4338316e+02   4.0286012e+00   4.8638561e+02   3.3395379e+01   2.5003284e+00   1.0195037e+03   8.4162481e+01   6.8726907e+00
   2.2200000e+01   1.9082484e+03   1.4377788e+02   3.5543570e+00   4.8973947e+02   3.3696552e+01   3.2131199e+00   1.0279539e+03   8.4831471e+01   6.2800596e+00
   2.2300000e+01   1.9226425e+03   1.4409564e+02   3.0225930e+00   4.9312633e+02   3.4056668e+01   4.1691501e+00   1.0364694e+03   8.5476043e+01   6.2880634e+00
   2.2400000e+01   1.9370683e+03   1.4442938e+02   3.7247376e+00   4.9655205e+02   3.4452130e+01   3.5924232e+00   1.0450487e+03   8.6115354e+01   6.6188040e+00
   2.2500000e+01   1.9515292e+03   1.4477613e+02   3.2015699e+00   5.0001454e+02   3.4802607e+01   3.6751243e+00   1.0536925e+03   8.6753978e+01   6.4441138e+00
   2.2600000e+01   1.9660211e+03   1.4505772e+02   2.7586059e+00   5.0351429e+02   3.5190839e+01   3.6836847e+00   1.0623995e+03   8.7380858e+01   6.2158419e+00
   2.2700000e+01   1.9805395e+03   1.4529550e+02   1.9966527e+00   5.0705145e+02   3.5551611e+01   3.5172099e+00   1.0711684e+03   8.8000777e+01   6.1915346e+00
   2.2800000e+01   1.9950798e+03   1.4552149e+02   2.5123206e+00   5.1062552e+02   3.5943228e+01   4.0813715e+00   1.0799989e+03   8.8599071e+01   5.6681472e+00
   2.2900000e+01   2.0096440e+03   1.4576536e+02   2.9093825e+00   5.1424040e+02   3.6359255e+01   4.2477326e+00   1.0888867e+03   8.9154529e+01   5.5029399e+00
   2.3000000e+01   2.0242340e+03   1.4603751e+02   3.2273671e+00   5.1789684e+02   3.6773576e+01   4.4918803e+00   1.0978311e+03   8.9743105e+01   5.9363425e+00
   2.3100000e+01   2.0388546e+03   1.4637529e+02   3.3429807e+00   5.2159713e+02   3.7228767e+01   4.2039208e+00   1.1068365e+03   9.0379935e+01   6.8733307e+00
   2.3200000e+01   2.0535091e+03   1.4671044e+02   3.0886839e+00   5.2533999e+02   3.7609111e+01   3.4470021e+00   1.1159101e+03   9.1102484e+01   7.3365811e+00
   2.3300000e+01   2.0681968e+03   1.4705516e+02   3.8202089e+00   5.2911770e+02   3.7941775e+01   2.9290020e+00   1.1250570e+03   9.1839551e+01   7.3486265e+00
   2.3400000e+01   2.0829208e+03   1.4741210e+02   3.4183098e+00   5.3292480e+02   3.8189085e+01   2.4535864e+00   1.1342775e+03   9.2578701e+01   7.5468244e+00
   2.3500000e+01   2.0976764e+03   1.4768783e+02   2.6741884e+00   5.3675734e+02   3.8457958e+01   2.4601657e+00   1.1435731e+03   9.3339667e+01   7.7998952e+00
   2.3600000e+01   2.1124595e+03   1.4797589e+02   2.9347559e+00   5.4061431e+02   3.8692182e+01   2.9051709e+00   1.1529460e+03   9.4117099e+01   7.5801557e+00
   2.3700000e+01   2.1272715e+03   1.4826284e+02   2.9278489e+00   5.4449503e+02   3.8905355e+01   1.9733267e+00   1.1623958e+03   9.4872855e+01   7.2705786e+00
   2.3800000e+01   2.1421140e+03   1.4860059e+02   3.5576891e+00   5.4839609e+02   3.9124807e+01   2.4081694e+00   1.1719183e+03   9.5570895e+01   6.8638188e+00
   2.3900000e+01   2.1569925e+03   1.4898167e+02   4.1320743e+00   5.5231867e+02   3.9308480e+01   1.4530746e+00   1.1815088e+03   9.6218102e+01   5.9374217e+00
   2.4000000e+01   2.1719105e+03   1.4936974e+02   3.4011932e+00   5.5625591e+02   3.9439920e+01   1.1954255e+00   1.1911613e+03   9.6841395e+01   6.5331113e+00
   2.4100000e+01   2.1868624e+03   1.4966862e+02   3.4988468e+00   5.6020489e+02   3.9530143e+01   7.6210536e-01   1.2008789e+03   9.7507039e+01   6.4845808e+00
   2.4200000e+01   2.2018463e+03   1.5000218e+02   2.8679249e+00   5.6416093e+02   3.9576025e+01   7.1469250e-02   1.2106625e+03   9.8161031e+01   6.3056993e+00
   2.4300000e+01   2.2168616e+03   1.5032136e+02   3.4932551e+00   5.6811823e+02   3.9570732e+01  -1.2943567e-02   1.2205103e+03   9.8800007e+01   6.4527172e+00
   2.4400000e+01   2.2319115e+03   1.5068307e+02   3.6150085e+00   5.7207521e+02   3.9575666e+01   2.3044585e-01   1.2304223e+03   9.9445406e+01   6.7349340e+00
   2.4500000e+01   2.2469981e+03   1.5105634e+02   3.9683210e+00   5.7603257e+02   3.9563708e+01   1.0807084e-01   1.2404010e+03   1.0012980e+02   6.9113426e+00
   2.4600000e+01   2.2621245e+03   1.5147854e+02   4.4539608e+00   5.7998991e+02   3.9589966e+01   2.2815456e-01   1.2504485e+03   1.0083110e+02   7.2010930e+00
   2.4700000e+01   2.2772943e+03   1.5192287e+02   4.4153530e+00   5.8395078e+02   3.9624060e+01   2.2238691e-01   1.2605682e+03   1.0155242e+02   6.9287944e+00
   2.4800000e+01   2.2925089e+03   1.5236619e+02   4.0871080e+00   5.8791411e+02   3.9639620e+01  -3.7602977e-02   1.2707578e+03   1.0223126e+02   6.3347523e+00
   2.4900000e+01   2.3077661e+03   1.5276754e+02   3.5010172e+00   5.9187791e+02   3.9640386e+01   1.3703915e-01   1.2810125e+03   1.0285547e+02   6.2028551e+00
   2.5000000e+01   2.3230603e+03   1.5311754e+02   3.6377796e+00   5.9584297e+02   3.9664185e+01   3.5636156e-01   1.2913290e+03   1.0347750e+02   6.1408521e+00
   2.5100000e+01   2.3383913e+03   1.5350946e+02   4.0225799e+00   5.9981272e+02   3.9735110e+01   1.0820782e+00   1.3017055e+03   1.0406114e+02   6.4294344e+00
   2.5200000e+01   2.3537607e+03   1.5387816e+02   3.5672814e+00   6.0379041e+02   3.9816339e+01   7.3213227e-01   1.3121432e+03   1.0469963e+02   6.3047912e+00
   2.5300000e+01   2.3691665e+03   1.5423259e+02   3.4395717e+00   6.0777715e+02   3.9924762e+01   1.1867843e+00   1.3226447e+03   1.0533056e+02   6.4097911e+00
   2.5400000e+01   2.3846074e+03   1.5458762e+02   3.7543688e+00   6.1177481e+02   4.0027170e+01   9.7310851e-01   1.3332095e+03   1.0595417e+02   6.1435306e+00
   2.5500000e+01   2.4000863e+03   1.5499526e+02   4.1582359e+00   6.1578392e+02   4.0157636e+01   9.9007428e-01   1.3438351e+03   1.0655132e+02   5.9933422e+00
   2.5600000e+01   2.4156065e+03   1.5539448e+02   3.6105657e+00   6.1980250e+02   4.0204071e+01   3.6395769e-01   1.3545205e+03   1.0715688e+02   5.8432100e+00
   2.5700000e+01   2.4311641e+03   1.5574848e+02   3.1801029e+00   6.2382486e+02   4.0241435e+01   3.6854279e-01   1.3652653e+03   1.0774524e+02   6.3984548e+00
   2.5800000e+01   2.4467565e+03   1.5610213e+02   3.8248268e+00   6.2784884e+02   4.0231074e+01   2.5283982e-03   1.3760731e+03   1.0842320e+02   6.6797577e+00
   2.5900000e+01   2.4623878e+03   1.5653712e+02   4.4837848e+00   6.3187093e+02   4.0211963e+01   2.2922957e-01   1.3869500e+03   1.0913657e+02   7.6595418e+00
   2.6000000e+01   2.4780640e+03   1.5698227e+02   4.4269670e+00   6.3589162e+02   4.0194703e+01  -3.2972843e-01   1.3979022e+03   1.0991138e+02   7.8357935e+00
   2.6100000e+01   2.4937847e+03   1.5742623e+02   4.3493085e+00   6.3991021e+02   4.0186300e+01   3.5189251e-01   1.4089333e+03   1.1072814e+02   8.5918824e+00
   2.6200000e+01   2.5095490e+03   1.5787693e+02   4.8488790e+00   6.4393281e+02   4.0267302e+01   7.3204491e-01   1.4200514e+03   1.1164814e+02   9.4439544e+00
   2.6300000e+01   2.5253624e+03   1.5839608e+02   5.1980705e+00   6.4796446e+02   4.0369096e+01   7.4438542e-01   1.4312646e+03   1.1262754e+02   9.8926276e+00
   2.6400000e+01   2.5412279e+03   1.5891823e+02   5.3349062e+00   6.5200408e+02   4.0423022e+01   4.7338043e-01   1.4425770e+03   1.1361107e+02   9.6797938e+00
   2.6500000e+01   2.5571478e+03   1.5948400e+02   5.5534752e+00   6.5604917e+02   4.0457776e+01  -7.9001558e-02   1.4539862e+03   1.1457933e+02   9.9807938e+00
   2.6600000e+01   2.5731242e+03   1.6004353e+02   5.7679090e+00   6.6009296e+02   4.0406121e+01  -1.0339300e+00   1.4654948e+03   1.1559246e+02   1.0104813e+01
   2.6700000e+01   2.5891575e+03   1.6062528e+02   5.8046984e+00   6.6412696e+02   4.0265287e+01  -1.5124747e+00   1.4771045e+03   1.1658468e+02   9.4228820e+00
   2.6800000e+01   2.6052480e+03   1.6117726e+02   5.2757810e+00   6.6814738e+02   4.0155705e+01  -8.0091030e-01   1.4888097e+03   1.1751093e+02   9.0376877e+00
   2.6900000e+01   2.6213914e+03   1.6167978e+02   4.6844102e+00   6.7215974e+02   4.0087284e+01  -8.9783671e-01   1.5006041e+03   1.1836761e+02   8.5985775e+00
   2.7000000e+01   2.6375835e+03   1.6215835e+02   4.7820197e+00   6.7616481e+02   4.0013560e+01  -8.7131843e-01   1.5124833e+03   1.1921835e+02   8.5375436e+00
   2.7100000e+01   2.6538217e+03   1.6259838e+02   4.4348818e+00   6.8016401e+02   3.9984671e+01  -2.0913059e-01   1.5244465e+03   1.2003539e+02   7.9756307e+00
   2.7200000e+01   2.6701027e+03   1.6302150e+02   4.3047817e+00   6.8415973e+02   3.9919868e+01  -1.0240634e+00   1.5364891e+03   1.2081726e+02   7.7719158e+00
   2.7300000e+01   2.6864255e+03   1.6342724e+02   3.9398134e+00   6.8814573e+02   3.9798902e+01  -1.1340096e+00   1.5486106e+03   1.2162003e+02   8.3058431e+00
   2.7400000e+01   2.7027860e+03   1.6377499e+02   3.2858477e+00   6.9212014e+02   3.9689925e+01  -1.4005177e+00   1.5608128e+03   1.2241267e+02   7.5042844e+00
   2.7500000e+01   2.7191806e+03   1.6411316e+02   3.4613146e+00   6.9608153e+02   3.9531236e+01  -1.6408552e+00   1.5730934e+03   1.2321050e+02   8.2961259e+00
   2.7600000e+01   2.7356086e+03   1.6443666e+02   3.0976609e+00   7.0002726e+02   3.9382257e+01  -1.7069868e+00   1.5854538e+03   1.2397859e+02   7.2896436e+00
   2.7700000e+01   2.7520672e+03   1.6474210e+02   3.1515981e+00   7.0395748e+02   3.9215811e+01  -1.7819604e+00   1.5978890e+03   1.2473711e+02   7.9274083e+00
   2.7800000e+01   2.7685564e+03   1.6504160e+02   2.9073974e+00   7.0787133e+02   3.9071168e+01  -1.3964371e+00   1.6104019e+03   1.2551427e+02   7.6446471e+00
   2.7900000e+01   2.7850746e+03   1.6531567e+02   2.2962655e+00   7.1177242e+02   3.8955754e+01  -1.0842403e+00   1.6229902e+03   1.2624623e+02   7.0300430e+00
   2.8000000e+01   2.8016188e+03   1.6557102e+02   2.4931163e+00   7.1566244e+02   3.8839776e+01  -1.5737530e+00   1.6356490e+03   1.2693465e+02   6.9591234e+00
   2.8100000e+01   2.8181890e+03   1.6583712e+02   2.8451948e+00   7.1953868e+02   3.8680138e+01  -1.8169729e+00   1.6483781e+03   1.2765469e+02   7.5452537e+00
   2.8200000e+01   2.8347874e+03   1.6613194e+02   3.0870188e+00   7.2339835e+02   3.8520716e+01  -1.5505419e+00   1.6611804e+03   1.2839079e+02   7.3594421e+00
   2.8300000e+01   2.8514183e+03   1.6649193e+02   3.7700358e+00   7.2724234e+02   3.8363994e+01  -1.2034477e+00   1.6740547e+03   1.2909406e+02   7.1356534e+00
   2.8400000e+01   2.8680864e+03   1.6687829e+02   3.8712499e+00   7.3107275e+02   3.8246956e+01  -9.8269319e-01   1.6869988e+03   1.2978010e+02   6.8401743e+00
   2.8500000e+01   2.8847934e+03   1.6726267e+02   3.9685287e+00   7.3489195e+02   3.8138809e+01  -1.1239107e+00   1.7000102e+03   1.3044442e+02   6.7856267e+00
   2.8600000e+01   2.9015377e+03   1.6761365e+02   3.1170583e+00   7.3869986e+02   3.8014910e+01  -1.2269429e+00   1.7130878e+03   1.3110463e+02   6.5890627e+00
   2.8700000e+01   2.9183151e+03   1.6792992e+02   2.9405835e+00   7.4249512e+02   3.7886929e+01  -1.3798013e+00   1.7262316e+03   1.3178499e+02   7.0189752e+00
   2.8800000e+01   2.9351229e+03   1.6823281e+02   3.2172156e+00   7.4627722e+02   3.7753438e+01  -1.5916300e+00   1.7394456e+03   1.3250582e+02   7.7198835e+00
   2.8900000e+01   2.9519639e+03   1.6859977e+02   3.9070752e+00   7.5004647e+02   3.7639454e+01  -9.6579621e-01   1.7527348e+03   1.3327785e+02   7.5502580e+00
   2.9000000e+01   2.9688436e+03   1.6900271e+02   4.3440278e+00   7.5380608e+02   3.7569660e+01  -2.6602561e-01   1.7661016e+03   1.3406938e+02   8.2533518e+00
   2.9100000e+01   2.9857659e+03   1.6944605e+02   4.4546142e+00   7.5756108e+02   3.7527216e+01  -5.7982752e-01   1.7795486e+03   1.3485387e+02   7.3367436e+00
   2.9200000e+01   3.0027321e+03   1.6987090e+02   4.3186544e+00   7.6131109e+02   3.7470601e+01  -5.6544050e-01   1.7930718e+03   1.3562164e+02   7.7427330e+00
   2.9300000e+01   3.0197401e+03   1.7028299e+02   3.9467735e+00   7.6505538e+02   3.7408654e+01  -8.7785601e-01   1.8066730e+03   1.3641522e+02   8.2876167e+00
   2.9400000e+01   3.0367878e+03   1.7067116e+02   3.7853231e+00   7.6879275e+02   3.7340424e+01  -8.1820660e-01   1.8203566e+03   1.3726275e+02   8.8420475e+00
   2.9500000e+01   3.0538723e+03   1.7100748e+02   2.9585816e+00   7.7252260e+02   3.7265008e+01  -6.5654358e-01   1.8341287e+03   1.3819769e+02   9.7662310e+00
   2.9600000e+01   3.0709871e+03   1.7129497e+02   3.2618666e+00   7.7624533e+02   3.7185123e+01  -8.6501414e-01   1.8479950e+03   1.3910986e+02   8.7086915e+00
   2.9700000e+01   3.0881315e+03   1.7158348e+02   2.5664268e+00   7.7995921e+02   3.7096259e+01  -7.4359148e-01   1.8619513e+03   1.4002940e+02   9.3416400e+00
   2.9800000e+01   3.1053033e+03   1.7186128e+02   2.7306736e+00   7.8366545e+02   3.7022269e+01  -9.4393488e-01   1.8760001e+03   1.4093728e+02   8.8246733e+00
   2.9900000e+01   3.1225028e+03   1.7213438e+02   2.8974147e+00   7.8736209e+02   3.6911095e+01  -1.3295034e+00   1.8901376e+03   1.4181155e+02   8.5009552e+00
   3.0000000e+01   3.1397291e+03   1.7237208e+02   1.9950281e+00   7.9104779e+02   3.6806643e+01  -9.3154646e-01   1.9043623e+03   1.4268642e+02   8.7552794e+00
   3.0100000e+01   3.1569762e+03   1.7257670e+02   2.1408053e+00   7.9472343e+02   3.6698178e+01  -1.2729211e+00   1.9186749e+03   1.4356689e+02   9.0286908e+00
   3.0200000e+01   3.1742450e+03   1.7280437e+02   2.2007281e+00   7.9838694e+02   3.6574453e+01  -9.8392894e-01   1.9330777e+03   1.4448611e+02   9.1880229e+00
   3.0300000e+01   3.1915375e+03   1.7304429e+02   2.4357930e+00   8.0203826e+02   3.6444650e+01  -1.4926481e+00   1.9475721e+03   1.4541078e+02   9.4778931e+00
   3.0400000e+01   3.2088511e+03   1.7321110e+02   1.4674942e+00   8.0567474e+02   3.6279766e+01  -1.7605198e+00   1.9621600e+03   1.4634961e+02   9.7681630e+00
   3.0500000e+01   3.2261789e+03   1.7335103e+02   1.6319567e+00   8.0929514e+02   3.6121749e+01  -2.1610549e+00   1.9768421e+03   1.4728440e+02   9.3860542e+00
   3.0600000e+01   3.2435231e+03   1.7354554e+02   2.1647454e+00   8.1289769e+02   3.5929112e+01  -2.0452665e+00   1.9916169e+03   1.4821056e+02   9.2053253e+00
   3.0700000e+01   3.2608889e+03   1.7377407e+02   2.4289527e+00   8.1647987e+02   3.5706416e+01  -2.5253226e+00   2.0064839e+03   1.4912686e+02   9.0704167e+00
   3.0800000e+01   3.2782794e+03   1.7404573e+02   3.1082193e+00   8.2003845e+02   3.5465043e+01  -2.5870014e+00   2.0214411e+03   1.5000838e+02   8.5405153e+00
   3.0900000e+01   3.2956995e+03   1.7435725e+02   3.2060370e+00   8.2357281e+02   3.5219174e+01  -2.6211379e+00   2.0364849e+03   1.5087081e+02   8.8516207e+00
   3.1000000e+01   3.3131505e+03   1.7467226e+02   3.4152144e+00   8.2708240e+02   3.4982934e+01  -2.3612828e+00   2.0516167e+03   1.5176793e+02   8.9530902e+00
   3.1100000e+01   3.3306352e+03   1.7501964e+02   3.4701283e+00   8.3056852e+02   3.4745526e+01  -2.2735711e+00   2.0668390e+03   1.5268366e+02   9.2956239e+00
   3.1200000e+01   3.3481559e+03   1.7540745e+02   4.1529526e+00   8.3403022e+02   3.4481724e+01  -2.7342496e+00   2.0821525e+03   1.5356590e+02   8.4570264e+00
   3.1300000e+01   3.3657164e+03   1.7579695e+02   3.6472690e+00   8.3746483e+02   3.4209419e+01  -2.7178804e+00   2.0975506e+03   1.5439276e+02   8.0474453e+00
   3.1400000e+01   3.3833149e+03   1.7617889e+02   4.2745371e+00   8.4086970e+02   3.3870466e+01  -3.5179807e+00   2.1130299e+03   1.5520119e+02   8.7744117e+00
   3.1500000e+01   3.4009529e+03   1.7657168e+02   3.6658841e+00   8.4423950e+02   3.3527854e+01  -3.2529720e+00   2.1285931e+03   1.5605037e+02   8.1130587e+00
   3.1600000e+01   3.4186276e+03   1.7692554e+02   3.6034649e+00   8.4757717e+02   3.3231212e+01  -3.0648840e+00   2.1442358e+03   1.5679071e+02   7.2575149e+00
   3.1700000e+01   3.4363382e+03   1.7728897e+02   3.8351895e+00   8.5088436e+02   3.2913467e+01  -3.4174365e+00   2.1599513e+03   1.5751915e+02   7.1751870e+00
   3.1800000e+01   3.4540877e+03   1.7769879e+02   3.7923971e+00   8.5415666e+02   3.2523705e+01  -4.0305027e+00   2.1757400e+03   1.5826506e+02   7.7237142e+00
   3.1900000e+01   3.4718753e+03   1.7805543e+02   3.6409772e+00   8.5738885e+02   3.2113320e+01  -4.3541498e+00   2.1916052e+03   1.5903748e+02   7.6336158e+00
   3.2000000e+01   3.4896989e+03   1.7842450e+02   3.7589989e+00   8.6057783e+02   3.1663778e+01  -4.5864670e+00   2.2075472e+03   1.5980709e+02   8.0313370e+00
   3.2100000e+01   3.5075616e+03   1.7881999e+02   3.7851831e+00   8.6372180e+02   3.1222476e+01  -4.1578806e+00   2.2235660e+03   1.6055643e+02   7.3078913e+00
   3.2200000e+01   3.5254610e+03   1.7916287e+02   3.4091618e+00   8.6682458e+02   3.0843045e+01  -3.4239817e+00   2.2396582e+03   1.6128223e+02   7.0106787e+00
   3.2300000e+01   3.5433943e+03   1.7950516e+02   3.2848678e+00   8.6989218e+02   3.0514566e+01  -3.0235723e+00   2.2558205e+03   1.6194720e+02   6.1176320e+00
   3.2400000e+01   3.5613619e+03   1.7985376e+02   3.8666644e+00   8.7292982e+02   3.0254051e+01  -2.2851804e+00   2.2720446e+03   1.6252442e+02   5.6295725e+00
   3.2500000e+01   3.5793664e+03   1.8022672e+02   3.3195145e+00   8.7594314e+02   3.0009347e+01  -2.6058058e+00   2.2883253e+03   1.6310205e+02   6.1096260e+00
   3.2600000e+01   3.5974068e+03   1.8059333e+02   3.8968527e+00   8.7893018e+02   2.9730761e+01  -2.9317151e+00   2.3046659e+03   1.6371234e+02   5.9723440e+00
   3.2700000e+01   3.6154858e+03   1.8100060e+02   4.2896773e+00   8.8188949e+02   2.9453863e+01  -3.0279800e+00   2.3210654e+03   1.6426449e+02   5.3139217e+00
   3.2800000e+01   3.6336070e+03   1.8142357e+02   4.3053846e+00   8.8481969e+02   2.9138403e+01  -3.5656796e+00   2.3375179e+03   1.6478328e+02   5.2100698e+00
   3.2900000e+01   3.6517695e+03   1.8181519e+02   3.8533627e+00   8.8771612e+02   2.8786246e+01  -4.0045025e+00   2.3540226e+03   1.6531369e+02   5.4425885e+00
   3.3000000e+01   3.6699693e+03   1.8218076e+02   3.7378479e+00   8.9057543e+02   2.8406433e+01  -3.7632168e+00   2.3705809e+03   1.6585333e+02   5.4045196e+00
   3.3100000e+01   3.6882071e+03   1.8256448e+02   3.3170909e+00   8.9339539e+02   2.7980532e+01  -4.4013185e+00   2.3871912e+03   1.6634208e+02   4.6741073e+00
   3.3200000e+01   3.7064812e+03   1.8292023e+02   3.8044789e+00   8.9617110e+02   2.7537046e+01  -4.4446596e+00   2.4038489e+03   1.6680017e+02   4.1750825e+00
   3.3300000e+01   3.7247919e+03   1.8328850e+02   3.5996281e+00   8.9890293e+02   2.7108342e+01  -3.8732216e+00   2.4205497e+03   1.6721249e+02   3.8660496e+00
   3.3400000e+01   3.7431391e+03   1.8365841e+02   3.8212773e+00   9.0159448e+02   2.6727132e+01  -3.6466255e+00   2.4372929e+03   1.6766592e+02   4.6207262e+00
   3.3500000e+01   3.7615242e+03   1.8404075e+02   3.7776356e+00   9.0424850e+02   2.6354319e+01  -3.6706900e+00   2.4540816e+03   1.6809791e+02   4.1560634e+00
   3.3600000e+01   3.7799484e+03   1.8446557e+02   4.6547912e+00   9.0686543e+02   2.5984237e+01  -3.5610664e+00   2.4709121e+03   1.6850290e+02   3.9636251e+00
   3.3700000e+01   3.7984180e+03   1.8492217e+02   4.3668902e+00   9.0944645e+02   2.5643827e+01  -3.2266149e+00   2.4877812e+03   1.6888232e+02   4.1016022e+00
   3.3800000e+01   3.8169325e+03   1.8536284e+02   4.2058110e+00   9.1199462e+02   2.5315959e+01  -3.4359225e+00   2.5046902e+03   1.6929325e+02   3.9358630e+00
   3.3900000e+01   3.8354901e+03   1.8579816e+02   4.5908243e+00   9.1451023e+02   2.5000054e+01  -3.2633410e+00   2.5216400e+03   1.6971618e+02   4.4587718e+00
   3.4000000e+01   3.8540931e+03   1.8625453e+02   4.4139718e+00   9.1699344e+02   2.4664640e+01  -3.4566197e+00   2.5386355e+03   1.7020341e+02   5.1501989e+00
   3.4100000e+01   3.8727396e+03   1.8667468e+02   4.4550848e+00   9.1944059e+02   2.4264312e+01  -4.3655553e+00   2.5556799e+03   1.7068714e+02   4.9184247e+00
   3.4200000e+01   3.8914301e+03   1.8713736e+02   4.7641975e+00   9.2184652e+02   2.3857713e+01  -3.9178682e+00   2.5727711e+03   1.7113403e+02   4.7026152e+00
   3.4300000e+01   3.9101695e+03   1.8765790e+02   5.4253537e+00   9.2421263e+02   2.3464112e+01  -3.9592105e+00   2.5899086e+03   1.7161458e+02   4.4453862e+00
   3.4400000e+01   3.9289615e+03   1.8818118e+02   5.3895235e+00   9.2653879e+02   2.3060114e+01  -4.0099864e+00   2.6070930e+03   1.7208341e+02   5.1042183e+00
   3.4500000e+01   3.9478053e+03   1.8868550e+02   4.9181955e+00   9.2882526e+02   2.2669041e+01  -3.7604831e+00   2.6243256e+03   1.7255923e+02   4.8406375e+00
   3.4600000e+01   3.9666974e+03   1.8915859e+02   4.9668334e+00   9.3107533e+02   2.2352538e+01  -2.6996883e+00   2.6416061e+03   1.7305119e+02   4.9760680e+00
   3.4700000e+01   3.9856371e+03   1.8963414e+02   4.7538786e+00   9.3329611e+02   2.2064800e+01  -2.9687781e+00   2.6589380e+03   1.7360484e+02   5.9383718e+00
   3.4800000e+01   4.0046256e+03   1.9014027e+02   4.8339921e+00   9.3548666e+02   2.1732020e+01  -3.8102062e+00   2.6763276e+03   1.7418538e+02   5.9239039e+00
   3.4900000e+01   4.0236640e+03   1.9062120e+02   4.6224362e+00   9.3763869e+02   2.1293712e+01  -4.9078924e+00   2.6937756e+03   1.7477220e+02   5.8472509e+00
   3.5000000e+01   4.0427472e+03   1.9103144e+02   3.7389564e+00   9.3974249e+02   2.0772115e+01  -5.6500378e+00   2.7112845e+03   1.7541031e+02   6.3819329e+00
   3.5100000e+01   4.0618696e+03   1.9141559e+02   3.7284838e+00   9.4179140e+02   2.0212270e+01  -5.5285364e+00   2.7288574e+03   1.7604926e+02   6.4701818e+00
   3.5200000e+01   4.0810296e+03   1.9177592e+02   3.5090123e+00   9.4378394e+02   1.9640534e+01  -5.3129877e+00   2.7464947e+03   1.7669258e+02   6.2015835e+00
   3.5300000e+01   4.1002247e+03   1.9211799e+02   2.9172373e+00   9.4572323e+02   1.9140665e+01  -5.3276359e+00   2.7641934e+03   1.7727075e+02   5.7424150e+00
   3.5400000e+01   4.1194515e+03   1.9242907e+02   3.3186129e+00   9.4761006e+02   1.8596447e+01  -5.4202692e+00   2.7819496e+03   1.7785391e+02   5.9373938e+00
   3.5500000e+01   4.1387125e+03   1.9279859e+02   3.8390794e+00   9.4944148e+02   1.8021061e+01  -6.0285376e+00   2.7997631e+03   1.7841359e+02   5.6719394e+00
   3.5600000e+01   4.1580133e+03   1.9323467e+02   4.6503385e+00   9.5121225e+02   1.7381796e+01  -6.8424622e+00   2.8176335e+03   1.7900263e+02   6.0073515e+00
   3.5700000e+01   4.1773594e+03   1.9368206e+02   4.1634798e+00   9.5291533e+02   1.6680273e+01  -6.9844556e+00   2.8355641e+03   1.7961101e+02   6.3064191e+00
   3.5800000e+01   4.1967485e+03   1.9409415e+02   3.6785573e+00   9.5454651e+02   1.5944918e+01  -6.9444567e+00   2.8535562e+03   1.8021244e+02   5.5903490e+00
   3.5900000e+01   4.2161761e+03   1.9446638e+02   3.8666047e+00   9.5610573e+02   1.5239046e+01  -7.1824029e+00   2.8716046e+03   1.8074162e+02   4.9794867e+00
   3.6000000e+01   4.2356428e+03   1.9487741e+02   4.3110069e+00   9.5759267e+02   1.4489542e+01  -7.7946146e+00   2.8897044e+03   1.8127688e+02   5.8637761e+00
   3.6100000e+01   4.2551532e+03   1.9533628e+02   4.5555112e+00   9.5900314e+02   1.3721244e+01  -7.5434769e+00   2.9078611e+03   1.8186021e+02   6.1764837e+00
   3.6200000e+01   4.2747098e+03   1.9578852e+02   4.0762589e+00   9.6033916e+02   1.3005321e+01  -7.0590892e+00   2.9260782e+03   1.8249325e+02   6.6826950e+00
   3.6300000e+01   4.2943103e+03   1.9623484e+02   4.7476147e+00   9.6160361e+02   1.2277818e+01  -7.2885603e+00   2.9443602e+03   1.8314610e+02   6.5319989e+00
   3.6400000e+01   4.3139567e+03   1.9669672e+02   4.7769397e+00   9.6279513e+02   1.1552060e+01  -7.5083741e+00   2.9627080e+03   1.8380324e+02   6.4581322e+00
   3.6500000e+01   4.3336501e+03   1.9715933e+02   4.0580529e+00   9.6391165e+02   1.0768756e+01  -7.9921738e+00   2.9811223e+03   1.8449738e+02   7.5678062e+00
   3.6600000e+01   4.3533856e+03   1.9755124e+02   3.7939580e+00   9.6494875e+02   9.9701756e+00  -8.1089043e+00   2.9996106e+03   1.8527263e+02   7.9252501e+00
   3.6700000e+01   4.3731620e+03   1.9799416e+02   4.6599820e+00   9.6590450e+02   9.1439973e+00  -8.5879909e+00   3.0181789e+03   1.8609928e+02   8.5233480e+00
   3.6800000e+01   4.3929856e+03   1.9848459e+02   5.3490836e+00   9.6677613e+02   8.2788823e+00  -8.8112478e+00   3.0368284e+03   1.8687251e+02   7.4395051e+00
   3.6900000e+01   4.4128611e+03   1.9902940e+02   5.5057400e+00   9.6755967e+02   7.3910714e+00  -9.1562579e+00   3.0555537e+03   1.8763435e+02   7.4015843e+00
   3.7000000e+01   4.4327926e+03   1.9961125e+02   6.3840897e+00   9.6825511e+02   6.5259062e+00  -8.4608722e+00   3.0743530e+03   1.8834174e+02   6.8497390e+00
   3.7100000e+01   4.4527842e+03   2.0021679e+02   6.0976262e+00   9.6886426e+02   5.6614387e+00  -8.5289048e+00   3.0932225e+03   1.8906146e+02   7.1897127e+00
   3.7200000e+01   4.4728371e+03   2.0084527e+02   6.2511145e+00   9.6938846e+02   4.8380932e+00  -7.9057432e+00   3.1121639e+03   1.8976492e+02   6.8478996e+00
   3.7300000e+01   4.4929530e+03   2.0147744e+02   6.5287804e+00   9.6983262e+02   4.0399717e+00  -8.2082710e+00   3.1311738e+03   1.9041764e+02   6.1540517e+00
   3.7400000e+01   4.5131329e+03   2.0212328e+02   6.4254648e+00   9.7019562e+02   3.2265451e+00  -8.0283807e+00   3.1502455e+03   1.9101518e+02   5.9720175e+00
   3.7500000e+01   4.5333772e+03   2.0277217e+02   7.0060442e+00   9.7047866e+02   2.4389272e+00  -7.7540736e+00   3.1693784e+03   1.9163882e+02   5.8373609e+00
   3.7600000e+01   4.5536905e+03   2.0349392e+02   6.9746501e+00   9.7068533e+02   1.6975307e+00  -7.3570495e+00   3.1885723e+03   1.9225007e+02   6.3178218e+00
   3.7700000e+01   4.5740750e+03   2.0421217e+02   7.4550358e+00   9.7081941e+02   9.8921150e-01  -7.0646124e+00   3.2078304e+03   1.9292277e+02   6.8087720e+00
   3.7800000e+01   4.5945331e+03   2.0494209e+02   7.0820523e+00   9.7088164e+02   2.4499089e-01  -7.6869209e+00   3.2271564e+03   1.9359553e+02   6.7918718e+00
   3.7900000e+01   4.6150616e+03   2.0561671e+02   6.6073172e+00   9.7086521e+02  -5.8514000e-01  -8.3730037e+00   3.2465504e+03   1.9428840e+02   6.8437109e+00
   3.8000000e+01   4.6356572e+03   2.0628937e+02   6.6703376e+00   9.7076431e+02  -1.4354674e+00  -8.6272621e+00   3.2660127e+03   1.9493808e+02   6.0843309e+00
   3.8100000e+01   4.6563189e+03   2.0693913e+02   6.3139394e+00   9.7057783e+02  -2.2862594e+00  -8.1432714e+00   3.2855365e+03   1.9554290e+02   5.9560805e+00
   3.8200000e+01   4.6770442e+03   2.0756825e+02   6.4040331e+00   9.7030845e+02  -3.0940023e+00  -7.9450073e+00   3.3051209e+03   1.9614282e+02   5.7809909e+00
   3.8300000e+01   4.6978323e+03   2.0819100e+02   6.2852203e+00   9.6995796e+02  -3.9269880e+00  -8.6596422e+00   3.3247666e+03   1.9679016e+02   6.5904688e+00
   3.8400000e+01   4.7186848e+03   2.0887166e+02   7.1511550e+00   9.6952134e+02  -4.8061912e+00  -8.5490910e+00   3.3444786e+03   1.9745819e+02   7.0218677e+00
   3.8500000e+01   4.7396077e+03   2.0957941e+02   6.7522643e+00   9.6899941e+02  -5.6282753e+00  -8.2949227e+00   3.3642593e+03   1.9814605e+02   6.7024159e+00
   3.8600000e+01   4.7605995e+03   2.1025019e+02   6.4682446e+00   9.6839340e+02  -6.4911236e+00  -8.4509667e+00   3.3841076e+03   1.9882259e+02   6.7419469e+00
   3.8700000e+01   4.7816567e+03   2.1089385e+02   6.4293253e+00   9.6770103e+02  -7.3591226e+00  -8.8064463e+00   3.4040245e+03   1.9952063e+02   7.3077985e+00
   3.8800000e+01   4.8027797e+03   2.1155992e+02   6.1993355e+00   9.6692220e+02  -8.2152696e+00  -8.5691470e+00   3.4240130e+03   2.0024334e+02   7.0541506e+00
   3.8900000e+01   4.8239678e+03   2.1220356e+02   6.3411587e+00   9.6605719e+02  -9.0954902e+00  -8.9843229e+00   3.4440720e+03   2.0092746e+02   6.4519451e+00
   3.9000000e+01   4.8452202e+03   2.1284842e+02   6.6493674e+00   9.6510325e+02  -9.9877184e+00  -9.0322885e+00   3.4641960e+03   2.0155833e+02   6.6455143e+00
   3.9100000e+01   4.8665363e+03   2.1346911e+02   5.9879344e+00   9.6405903e+02  -1.0892824e+01  -9.0106153e+00   3.4843848e+03   2.0222002e+02   6.6993047e+00
   3.9200000e+01   4.8879134e+03   2.1407915e+02   6.3841533e+00   9.6292542e+02  -1.1766966e+01  -8.5043171e+00   3.5046382e+03   2.0284720e+02   6.2659601e+00
   3.9300000e+01   4.9093525e+03   2.1469097e+02   5.8883054e+00   9.6170680e+02  -1.2601307e+01  -8.2542676e+00   3.5249540e+03   2.0346128e+02   5.8765507e+00
   3.9400000e+01   4.9308508e+03   2.1528415e+02   6.1025597e+00   9.6040445e+02  -1.3442668e+01  -7.9936293e+00   3.5453293e+03   2.0404967e+02   5.8779417e+00
   3.9500000e+01   4.9524107e+03   2.1591285e+02   6.2029327e+00   9.5901939e+02  -1.4274733e+01  -8.8065685e+00   3.5657645e+03   2.0465243e+02   5.5607614e+00
   3.9600000e+01   4.9740314e+03   2.1649525e+02   5.7609892e+00   9.5754635e+02  -1.5180140e+01  -8.7655253e+00   3.5862576e+03   2.0520122e+02   5.2159403e+00
   3.9700000e+01   4.9957089e+03   2.1703629e+02   4.9054095e+00   9.5598369e+02  -1.6076816e+01  -8.8633502e+00   3.6068042e+03   2.0573530e+02   5.4378327e+00
   3.9800000e+01   5.0174366e+03   2.1751682e+02   4.8520658e+00   9.5433120e+02  -1.6980109e+01  -9.0477720e+00   3.6274051e+03   2.0629408e+02   6.0060079e+00
   3.9900000e+01   5.0392128e+03   2.1801003e+02   5.3049610e+00   9.5258653e+02  -1.7930876e+01  -9.9513009e+00   3.6480628e+03   2.0684714e+02   5.3444642e+00
   4.0000000e+01   5.0610394e+03   2.1851558e+02   4.9217064e+00   9.5074401e+02  -1.8923152e+01  -1.0305654e+01   3.6687749e+03   2.0739885e+02   5.8000077e+00
