   0.0000000e+00   2.0000000e+04   1.0000000e+04   0.0000000e+00
   1.0000000e-01   1.9986111e+04   1.0000000e+04   0.0000000e+00
   2.0000000e-01   1.9972222e+04   1.0000000e+04   0.0000000e+00
   3.0000000e-01   1.9958333e+04   1.0000000e+04   0.0000000e+00
   4.0000000e-01   1.9944444e+04   1.0000000e+04   0.0000000e+00
   5.0000000e-01   1.9930556e+04   1.0000000e+04   0.0000000e+00
   6.0000000e-01   1.9916667e+04   1.0000000e+04   0.0000000e+00
   7.0000000e-01   1.9902778e+04   1.0000000e+04   0.0000000e+00
   8.0000000e-01   1.9888889e+04   1.0000000e+04   0.0000000e+00
   9.0000000e-01   1.9875000e+04   1.0000000e+04   0.0000000e+00
   1.0000000e+00   1.9861111e+04   1.0000000e+04   0.0000000e+00
   1.1000000e+00   1.9847222e+04   1.0000000e+04   0.0000000e+00
   1.2000000e+00   1.9833333e+04   1.0000000e+04   0.0000000e+00
   1.3000000e+00   1.9819444e+04   1.0000000e+04   0.0000000e+00
   1.4000000e+00   1.9805556e+04   1.0000000e+04   0.0000000e+00
   1.5000000e+00   1.9791667e+04   1.0000000e+04   0.0000000e+00
   1.6000000e+00   1.9777778e+04   1.0000000e+04   0.0000000e+00
   1.7000000e+00   1.9763889e+04   1.0000000e+04   0.0000000e+00
   1.8000000e+00   1.9750000e+04   1.0000000e+04   0.0000000e+00
   1.9000000e+00   1.9736111e+04   1.0000000e+04   0.0000000e+00
   2.0000000e+00   1.9722222e+04   1.0000000e+04   0.0000000e+00
   2.1000000e+00   1.9708333e+04   1.0000000e+04   0.0000000e+00
   2.2000000e+00   1.9694444e+04   1.0000000e+04   0.0000000e+00
   2.3000000e+00   1.9680556e+04   1.0000000e+04   0.0000000e+00
   2.4000000e+00   1.9666667e+04   1.0000000e+04   0.0000000e+00
   2.5000000e+00   1.9652778e+04   1.0000000e+04   0.0000000e+00
   2.6000000e+00   1.9638889e+04   1.0000000e+04   0.0000000e+00
   2.7000000e+00   1.9625000e+04   1.0000000e+04   0.0000000e+00
   2.8000000e+00   1.9611111e+04   1.0000000e+04   0.0000000e+00
   2.9000000e+00   1.9597222e+04   1.0000000e+04   0.0000000e+00
   3.0000000e+00   1.9583333e+04   1.0000000e+04   0.0000000e+00
   3.1000000e+00   1.9569444e+04   1.0000000e+04   0.0000000e+00
   3.2000000e+00   1.9555556e+04   1.0000000e+04   0.0000000e+00
   3.3000000e+00   1.9541667e+04   1.0000000e+04   0.0000000e+00
   3.4000000e+00   1.9527778e+04   1.0000000e+04   0.0000000e+00
   3.5000000e+00   1.9513889e+04   1.0000000e+04   0.0000000e+00
   3.6000000e+00   1.9500000e+04   1.0000000e+04   0.0000000e+00
   3.7000000e+00   1.9486111e+04   1.0000000e+04   0.0000000e+00
   3.8000000e+00   1.9472222e+04   1.0000000e+04   0.0000000e+00
   3.9000000e+00   1.9458333e+04   1.0000000e+04   0.0000000e+00
   4.0000000e+00   1.9444444e+04   1.0000000e+04   0.0000000e+00
   4.1000000e+00   1.9430556e+04   1.0000000e+04   0.0000000e+00
   4.2000000e+00   1.9416667e+04   1.0000000e+04   0.0000000e+00
   4.3000000e+00   1.9402778e+04   1.0000000e+04   0.0000000e+00
   4.4000000e+00   1.9388889e+04   1.0000000e+04   0.0000000e+00
   4.5000000e+00   1.9375000e+04   1.0000000e+04   0.0000000e+00
   4.6000000e+00   1.9361111e+04   1.0000000e+04   0.0000000e+00
   4.7000000e+00   1.9347222e+04   1.0000000e+04   0.0000000e+00
   4.8000000e+00   1.9333333e+04   1.0000000e+04   0.0000000e+00
   4.9000000e+00   1.9319444e+04   1.0000000e+04   0.0000000e+00
   5.0000000e+00   1.9305556e+04   1.0000000e+04   0.0000000e+00
   5.1000000e+00   1.9291667e+04   1.0000000e+04   0.0000000e+00
   5.2000000e+00   1.9277778e+04   1.0000000e+04   0.0000000e+00
   5.3000000e+00   1.9263889e+04   1.0000000e+04   0.0000000e+00
   5.4000000e+00   1.9250000e+04   1.0000000e+04   0.0000000e+00
   5.5000000e+00   1.9236111e+04   1.0000000e+04   0.0000000e+00
   5.6000000e+00   1.9222222e+04   1.0000000e+04   0.0000000e+00
   5.7000000e+00   1.9208333e+04   1.0000000e+04   0.0000000e+00
   5.8000000e+00   1.9194444e+04   1.0000000e+04   0.0000000e+00
   5.9000000e+00   1.9180556e+04   1.0000000e+04   0.0000000e+00
   6.0000000e+00   1.9166667e+04   1.0000000e+04   0.0000000e+00
   6.1000000e+00   1.9152778e+04   1.0000000e+04   0.0000000e+00
   6.2000000e+00   1.9138889e+04   1.0000000e+04   0.0000000e+00
   6.3000000e+00   1.9125000e+04   1.0000000e+04   0.0000000e+00
   6.4000000e+00   1.9111111e+04   1.0000000e+04   0.0000000e+00
   6.5000000e+00   1.9097222e+04   1.0000000e+04   0.0000000e+00
   6.6000000e+00   1.9083333e+04   1.0000000e+04   0.0000000e+00
   6.7000000e+00   1.9069444e+04   1.0000000e+04   0.0000000e+00
   6.8000000e+00   1.9055556e+04   1.0000000e+04   0.0000000e+00
   6.9000000e+00   1.9041667e+04   1.0000000e+04   0.0000000e+00
   7.0000000e+00   1.9027778e+04   1.0000000e+04   0.0000000e+00
   7.1000000e+00   1.9013889e+04   1.0000000e+04   0.0000000e+00
   7.2000000e+00   1.9000000e+04   1.0000000e+04   0.0000000e+00
   7.3000000e+00   1.8986111e+04   1.0000000e+04   0.0000000e+00
   7.4000000e+00   1.8972222e+04   1.0000000e+04   0.0000000e+00
   7.5000000e+00   1.8958333e+04   1.0000000e+04   0.0000000e+00
   7.6000000e+00   1.8944444e+04   1.0000000e+04   0.0000000e+00
   7.7000000e+00   1.8930556e+04   1.0000000e+04   0.0000000e+00
   7.8000000e+00   1.8916667e+04   1.0000000e+04   0.0000000e+00
   7.9000000e+00   1.8902778e+04   1.0000000e+04   0.0000000e+00
   8.0000000e+00   1.8888889e+04   1.0000000e+04   0.0000000e+00
   8.1000000e+00   1.8875000e+04   1.0000000e+04   0.0000000e+00
   8.2000000e+00   1.8861111e+04   1.0000000e+04   0.0000000e+00
   8.3000000e+00   1.8847222e+04   1.0000000e+04   0.0000000e+00
   8.4000000e+00   1.8833333e+04   1.0000000e+04   0.0000000e+00
   8.5000000e+00   1.8819444e+04   1.0000000e+04   0.0000000e+00
   8.6000000e+00   1.8805556e+04   1.0000000e+04   0.0000000e+00
   8.7000000e+00   1.8791667e+04   1.0000000e+04   0.0000000e+00
   8.8000000e+00   1.8777778e+04   1.0000000e+04   0.0000000e+00
   8.9000000e+00   1.8763889e+04   1.0000000e+04   0.0000000e+00
   9.0000000e+00   1.8750000e+04   1.0000000e+04   0.0000000e+00
   9.1000000e+00   1.8736111e+04   1.0000000e+04   0.0000000e+00
   9.2000000e+00   1.8722222e+04   1.0000000e+04   0.0000000e+00
   9.3000000e+00   1.8708333e+04   1.0000000e+04   0.0000000e+00
   9.4000000e+00   1.8694444e+04   1.0000000e+04   0.0000000e+00
   9.5000000e+00   1.8680556e+04   1.0000000e+04   0.0000000e+00
   9.6000000e+00   1.8666667e+04   1.0000000e+04   0.0000000e+00
   9.7000000e+00   1.8652778e+04   1.0000000e+04   0.0000000e+00
   9.8000000e+00   1.8638889e+04   1.0000000e+04   0.0000000e+00
   9.9000000e+00   1.8625000e+04   1.0000000e+04   0.0000000e+00
   1.0000000e+01   1.8611111e+04   1.0000000e+04   0.0000000e+00
   1.0100000e+01   1.8597222e+04   1.0000000e+04   0.0000000e+00
   1.0200000e+01   1.8583333e+04   1.0000000e+04   0.0000000e+00
   1.0300000e+01   1.8569444e+04   1.0000000e+04   0.0000000e+00
   1.0400000e+01   1.8555556e+04   1.0000000e+04   0.0000000e+00
   1.0500000e+01   1.8541667e+04   1.0000000e+04   0.0000000e+00
   1.0600000e+01   1.8527778e+04   1.0000000e+04   0.0000000e+00
   1.0700000e+01   1.8513889e+04   1.0000000e+04   0.0000000e+00
   1.0800000e+01   1.8500000e+04   1.0000000e+04   0.0000000e+00
   1.0900000e+01   1.8486111e+04   1.0000000e+04   0.0000000e+00
   1.1000000e+01   1.8472222e+04   1.0000000e+04   0.0000000e+00
   1.1100000e+01   1.8458333e+04   1.0000000e+04   0.0000000e+00
   1.1200000e+01   1.8444444e+04   1.0000000e+04   0.0000000e+00
   1.1300000e+01   1.8430556e+04   1.0000000e+04   0.0000000e+00
   1.1400000e+01   1.8416667e+04   1.0000000e+04   0.0000000e+00
   1.1500000e+01   1.8402778e+04   1.0000000e+04   0.0000000e+00
   1.1600000e+01   1.8388889e+04   1.0000000e+04   0.0000000e+00
   1.1700000e+01   1.8375000e+04   1.0000000e+04   0.0000000e+00
   1.1800000e+01   1.8361111e+04   1.0000000e+04   0.0000000e+00
   1.1900000e+01   1.8347222e+04   1.0000000e+04   0.0000000e+00
   1.2000000e+01   1.8333333e+04   1.0000000e+04   0.0000000e+00
   1.2100000e+01   1.8319444e+04   1.0000000e+04   0.0000000e+00
   1.2200000e+01   1.8305556e+04   1.0000000e+04   0.0000000e+00
   1.2300000e+01   1.8291667e+04   1.0000000e+04   0.0000000e+00
   1.2400000e+01   1.8277778e+04   1.0000000e+04   0.0000000e+00
   1.2500000e+01   1.8263889e+04   1.0000000e+04   0.0000000e+00
   1.2600000e+01   1.8250000e+04   1.0000000e+04   0.0000000e+00
   1.2700000e+01   1.8236111e+04   1.0000000e+04   0.0000000e+00
   1.2800000e+01   1.8222222e+04   1.0000000e+04   0.0000000e+00
   1.2900000e+01   1.8208333e+04   1.0000000e+04   0.0000000e+00
   1.3000000e+01   1.8194444e+04   1.0000000e+04   0.0000000e+00
   1.3100000e+01   1.8180556e+04   1.0000000e+04   0.0000000e+00
   1.3200000e+01   1.8166667e+04   1.0000000e+04   0.0000000e+00
   1.3300000e+01   1.8152778e+04   1.0000000e+04   0.0000000e+00
   1.3400000e+01   1.8138889e+04   1.0000000e+04   0.0000000e+00
   1.3500000e+01   1.8125000e+04   1.0000000e+04   0.0000000e+00
   1.3600000e+01   1.8111111e+04   1.0000000e+04   0.0000000e+00
   1.3700000e+01   1.8097222e+04   1.0000000e+04   0.0000000e+00
   1.3800000e+01   1.8083333e+04   1.0000000e+04   0.0000000e+00
   1.3900000e+01   1.8069444e+04   1.0000000e+04   0.0000000e+00
   1.4000000e+01   1.8055556e+04   1.0000000e+04   0.0000000e+00
   1.4100000e+01   1.8041667e+04   1.0000000e+04   0.0000000e+00
   1.4200000e+01   1.8027778e+04   1.0000000e+04   0.0000000e+00
   1.4300000e+01   1.8013889e+04   1.0000000e+04   0.0000000e+00
   1.4400000e+01   1.8000000e+04   1.0000000e+04   0.0000000e+00
   1.4500000e+01   1.7986111e+04   1.0000000e+04   0.0000000e+00
   1.4600000e+01   1.7972222e+04   1.0000000e+04   0.0000000e+00
   1.4700000e+01   1.7958333e+04   1.0000000e+04   0.0000000e+00
   1.4800000e+01   1.7944444e+04   1.0000000e+04   0.0000000e+00
   1.4900000e+01   1.7930556e+04   1.0000000e+04   0.0000000e+00
   1.5000000e+01   1.7916667e+04   1.0000000e+04   0.0000000e+00
   1.5100000e+01   1.7902778e+04   1.0000000e+04   0.0000000e+00
   1.5200000e+01   1.7888889e+04   1.0000000e+04   0.0000000e+00
   1.5300000e+01   1.7875000e+04   1.0000000e+04   0.0000000e+00
   1.5400000e+01   1.7861111e+04   1.0000000e+04   0.0000000e+00
   1.5500000e+01   1.7847222e+04   1.0000000e+04   0.0000000e+00
   1.5600000e+01   1.7833333e+04   1.0000000e+04   0.0000000e+00
   1.5700000e+01   1.7819444e+04   1.0000000e+04   0.0000000e+00
   1.5800000e+01   1.7805556e+04   1.0000000e+04   0.0000000e+00
   1.5900000e+01   1.7791667e+04   1.0000000e+04   0.0000000e+00
   1.6000000e+01   1.7777778e+04   1.0000000e+04   0.0000000e+00
   1.6100000e+01   1.7763889e+04   1.0000000e+04   0.0000000e+00
   1.6200000e+01   1.7750000e+04   1.0000000e+04   0.0000000e+00
   1.6300000e+01   1.7736111e+04   1.0000000e+04   0.0000000e+00
   1.6400000e+01   1.7722222e+04   1.0000000e+04   0.0000000e+00
   1.6500000e+01   1.7708333e+04   1.0000000e+04   0.0000000e+00
   1.6600000e+01   1.7694444e+04   1.0000000e+04   0.0000000e+00
   1.6700000e+01   1.7680556e+04   1.0000000e+04   0.0000000e+00
   1.6800000e+01   1.7666667e+04   1.0000000e+04   0.0000000e+00
   1.6900000e+01   1.7652778e+04   1.0000000e+04   0.0000000e+00
   1.7000000e+01   1.7638889e+04   1.0000000e+04   0.0000000e+00
   1.7100000e+01   1.7625000e+04   1.0000000e+04   0.0000000e+00
   1.7200000e+01   1.7611111e+04   1.0000000e+04   0.0000000e+00
   1.7300000e+01   1.7597222e+04   1.0000000e+04   0.0000000e+00
   1.7400000e+01   1.7583333e+04   1.0000000e+04   0.0000000e+00
   1.7500000e+01   1.7569444e+04   1.0000000e+04   0.0000000e+00
   1.7600000e+01   1.7555556e+04   1.0000000e+04   0.0000000e+00
   1.7700000e+01   1.7541667e+04   1.0000000e+04   0.0000000e+00
   1.7800000e+01   1.7527778e+04   1.0000000e+04   0.0000000e+00
   1.7900000e+01   1.7513889e+04   1.0000000e+04   0.0000000e+00
   1.8000000e+01   1.7500000e+04   1.0000000e+04   0.0000000e+00
   1.8100000e+01   1.7486111e+04   1.0000000e+04   0.0000000e+00
   1.8200000e+01   1.7472222e+04   1.0000000e+04   0.0000000e+00
   1.8300000e+01   1.7458333e+04   1.0000000e+04   0.0000000e+00
   1.8400000e+01   1.7444444e+04   1.0000000e+04   0.0000000e+00
   1.8500000e+01   1.7430556e+04   1.0000000e+04   0.0000000e+00
   1.8600000e+01   1.7416667e+04   1.0000000e+04   0.0000000e+00
   1.8700000e+01   1.7402778e+04   1.0000000e+04   0.0000000e+00
   1.8800000e+01   1.7388889e+04   1.0000000e+04   0.0000000e+00
   1.8900000e+01   1.7375000e+04   1.0000000e+04   0.0000000e+00
   1.9000000e+01   1.7361111e+04   1.0000000e+04   0.0000000e+00
   1.9100000e+01   1.7347222e+04   1.0000000e+04   0.0000000e+00
   1.9200000e+01   1.7333333e+04   1.0000000e+04   0.0000000e+00
   1.9300000e+01   1.7319444e+04   1.0000000e+04   0.0000000e+00
   1.9400000e+01   1.7305556e+04   1.0000000e+04   0.0000000e+00
   1.9500000e+01   1.7291667e+04   1.0000000e+04   0.0000000e+00
   1.9600000e+01   1.7277778e+04   1.0000000e+04   0.0000000e+00
   1.9700000e+01   1.7263889e+04   1.0000000e+04   0.0000000e+00
   1.9800000e+01   1.7250000e+04   1.0000000e+04   0.0000000e+00
   1.9900000e+01   1.7236111e+04   1.0000000e+04   0.0000000e+00
   2.0000000e+01   1.7222222e+04   1.0000000e+04   0.0000000e+00
   2.0100000e+01   1.7208333e+04   1.0000000e+04   0.0000000e+00
   2.0200000e+01   1.7194444e+04   1.0000000e+04   0.0000000e+00
   2.0300000e+01   1.7180556e+04   1.0000000e+04   0.0000000e+00
   2.0400000e+01   1.7166667e+04   1.0000000e+04   0.0000000e+00
   2.0500000e+01   1.7152778e+04   1.0000000e+04   0.0000000e+00
   2.0600000e+01   1.7138889e+04   1.0000000e+04   0.0000000e+00
   2.0700000e+01   1.7125000e+04   1.0000000e+04   0.0000000e+00
   2.0800000e+01   1.7111111e+04   1.0000000e+04   0.0000000e+00
   2.0900000e+01   1.7097222e+04   1.0000000e+04   0.0000000e+00
   2.1000000e+01   1.7083333e+04   1.0000000e+04   0.0000000e+00
   2.1100000e+01   1.7069444e+04   1.0000000e+04   0.0000000e+00
   2.1200000e+01   1.7055556e+04   1.0000000e+04   0.0000000e+00
   2.1300000e+01   1.7041667e+04   1.0000000e+04   0.0000000e+00
   2.1400000e+01   1.7027778e+04   1.0000000e+04   0.0000000e+00
   2.1500000e+01   1.7013889e+04   1.0000000e+04   0.0000000e+00
   2.1600000e+01   1.7000000e+04   1.0000000e+04   0.0000000e+00
   2.1700000e+01   1.6986111e+04   1.0000000e+04   0.0000000e+00
   2.1800000e+01   1.6972222e+04   1.0000000e+04   0.0000000e+00
   2.1900000e+01   1.6958333e+04   1.0000000e+04   0.0000000e+00
   2.2000000e+01   1.6944444e+04   1.0000000e+04   0.0000000e+00
   2.2100000e+01   1.6930556e+04   1.0000000e+04   0.0000000e+00
   2.2200000e+01   1.6916667e+04   1.0000000e+04   0.0000000e+00
   2.2300000e+01   1.6902778e+04   1.0000000e+04   0.0000000e+00
   2.2400000e+01   1.6888889e+04   1.0000000e+04   0.0000000e+00
   2.2500000e+01   1.6875000e+04   1.0000000e+04   0.0000000e+00
   2.2600000e+01   1.6861111e+04   1.0000000e+04   0.0000000e+00
   2.2700000e+01   1.6847222e+04   1.0000000e+04   0.0000000e+00
   2.2800000e+01   1.6833333e+04   1.0000000e+04   0.0000000e+00
   2.2900000e+01   1.6819444e+04   1.0000000e+04   0.0000000e+00
   2.3000000e+01   1.6805556e+04   1.0000000e+04   0.0000000e+00
   2.3100000e+01   1.6791667e+04   1.0000000e+04   0.0000000e+00
   2.3200000e+01   1.6777778e+04   1.0000000e+04   0.0000000e+00
   2.3300000e+01   1.6763889e+04   1.0000000e+04   0.0000000e+00
   2.3400000e+01   1.6750000e+04   1.0000000e+04   0.0000000e+00
   2.3500000e+01   1.6736111e+04   1.0000000e+04   0.0000000e+00
   2.3600000e+01   1.6722222e+04   1.0000000e+04   0.0000000e+00
   2.3700000e+01   1.6708333e+04   1.0000000e+04   0.0000000e+00
   2.3800000e+01   1.6694444e+04   1.0000000e+04   0.0000000e+00
   2.3900000e+01   1.6680556e+04   1.0000000e+04   0.0000000e+00
   2.4000000e+01   1.6666667e+04   1.0000000e+04   0.0000000e+00
   2.4100000e+01   1.6652778e+04   1.0000000e+04   0.0000000e+00
   2.4200000e+01   1.6638889e+04   1.0000000e+04   0.0000000e+00
   2.4300000e+01   1.6625000e+04   1.0000000e+04   0.0000000e+00
   2.4400000e+01   1.6611111e+04   1.0000000e+04   0.0000000e+00
   2.4500000e+01   1.6597222e+04   1.0000000e+04   0.0000000e+00
   2.4600000e+01   1.6583333e+04   1.0000000e+04   0.0000000e+00
   2.4700000e+01   1.6569444e+04   1.0000000e+04   0.0000000e+00
   2.4800000e+01   1.6555556e+04   1.0000000e+04   0.0000000e+00
   2.4900000e+01   1.6541667e+04   1.0000000e+04   0.0000000e+00
   2.5000000e+01   1.6527778e+04   1.0000000e+04   0.0000000e+00
   2.5100000e+01   1.6513889e+04   1.0000000e+04   0.0000000e+00
   2.5200000e+01   1.6500000e+04   1.0000000e+04   0.0000000e+00
   2.5300000e+01   1.6486111e+04   1.0000000e+04   0.0000000e+00
   2.5400000e+01   1.6472222e+04   1.0000000e+04   0.0000000e+00
   2.5500000e+01   1.6458333e+04   1.0000000e+04   0.0000000e+00
   2.5600000e+01   1.6444444e+04   1.0000000e+04   0.0000000e+00
   2.5700000e+01   1.6430556e+04   1.0000000e+04   0.0000000e+00
   2.5800000e+01   1.6416667e+04   1.0000000e+04   0.0000000e+00
   2.5900000e+01   1.6402778e+04   1.0000000e+04   0.0000000e+00
   2.6000000e+01   1.6388889e+04   1.0000000e+04   0.0000000e+00
   2.6100000e+01   1.6375000e+04   1.0000000e+04   0.0000000e+00
   2.6200000e+01   1.6361111e+04   1.0000000e+04   0.0000000e+00
   2.6300000e+01   1.6347222e+04   1.0000000e+04   0.0000000e+00
   2.6400000e+01   1.6333333e+04   1.0000000e+04   0.0000000e+00
   2.6500000e+01   1.6319444e+04   1.0000000e+04   0.0000000e+00
   2.6600000e+01   1.6305556e+04   1.0000000e+04   0.0000000e+00
   2.6700000e+01   1.6291667e+04   1.0000000e+04   0.0000000e+00
   2.6800000e+01   1.6277778e+04   1.0000000e+04   0.0000000e+00
   2.6900000e+01   1.6263889e+04   1.0000000e+04   0.0000000e+00
   2.7000000e+01   1.6250000e+04   1.0000000e+04   0.0000000e+00
   2.7100000e+01   1.6236111e+04   1.0000000e+04   0.0000000e+00
   2.7200000e+01   1.6222222e+04   1.0000000e+04   0.0000000e+00
   2.7300000e+01   1.6208333e+04   1.0000000e+04   0.0000000e+00
   2.7400000e+01   1.6194444e+04   1.0000000e+04   0.0000000e+00
   2.7500000e+01   1.6180556e+04   1.0000000e+04   0.0000000e+00
   2.7600000e+01   1.6166667e+04   1.0000000e+04   0.0000000e+00
   2.7700000e+01   1.6152778e+04   1.0000000e+04   0.0000000e+00
   2.7800000e+01   1.6138889e+04   1.0000000e+04   0.0000000e+00
   2.7900000e+01   1.6125000e+04   1.0000000e+04   0.0000000e+00
   2.8000000e+01   1.6111111e+04   1.0000000e+04   0.0000000e+00
   2.8100000e+01   1.6097222e+04   1.0000000e+04   0.0000000e+00
   2.8200000e+01   1.6083333e+04   1.0000000e+04   0.0000000e+00
   2.8300000e+01   1.6069444e+04   1.0000000e+04   0.0000000e+00
   2.8400000e+01   1.6055556e+04   1.0000000e+04   0.0000000e+00
   2.8500000e+01   1.6041667e+04   1.0000000e+04   0.0000000e+00
   2.8600000e+01   1.6027778e+04   1.0000000e+04   0.0000000e+00
   2.8700000e+01   1.6013889e+04   1.0000000e+04   0.0000000e+00
   2.8800000e+01   1.6000000e+04   1.0000000e+04   0.0000000e+00
   2.8900000e+01   1.5986111e+04   1.0000000e+04   0.0000000e+00
   2.9000000e+01   1.5972222e+04   1.0000000e+04   0.0000000e+00
   2.9100000e+01   1.5958333e+04   1.0000000e+04   0.0000000e+00
   2.9200000e+01   1.5944444e+04   1.0000000e+04   0.0000000e+00
   2.9300000e+01   1.5930556e+04   1.0000000e+04   0.0000000e+00
   2.9400000e+01   1.5916667e+04   1.0000000e+04   0.0000000e+00
   2.9500000e+01   1.5902778e+04   1.0000000e+04   0.0000000e+00
   2.9600000e+01   1.5888889e+04   1.0000000e+04   0.0000000e+00
   2.9700000e+01   1.5875000e+04   1.0000000e+04   0.0000000e+00
   2.9800000e+01   1.5861111e+04   1.0000000e+04   0.0000000e+00
   2.9900000e+01   1.5847222e+04   1.0000000e+04   0.0000000e+00
   3.0000000e+01   1.5833333e+04   1.0000000e+04   0.0000000e+00
   3.0100000e+01   1.5819444e+04   1.0000000e+04   0.0000000e+00
   3.0200000e+01   1.5805556e+04   1.0000000e+04   0.0000000e+00
   3.0300000e+01   1.5791667e+04   1.0000000e+04   0.0000000e+00
   3.0400000e+01   1.5777778e+04   1.0000000e+04   0.0000000e+00
   3.0500000e+01   1.5763889e+04   1.0000000e+04   0.0000000e+00
   3.0600000e+01   1.5750000e+04   1.0000000e+04   0.0000000e+00
   3.0700000e+01   1.5736111e+04   1.0000000e+04   0.0000000e+00
   3.0800000e+01   1.5722222e+04   1.0000000e+04   0.0000000e+00
   3.0900000e+01   1.5708333e+04   1.0000000e+04   0.0000000e+00
   3.1000000e+01   1.5694444e+04   1.0000000e+04   0.0000000e+00
   3.1100000e+01   1.5680556e+04   1.0000000e+04   0.0000000e+00
   3.1200000e+01   1.5666667e+04   1.0000000e+04   0.0000000e+00
   3.1300000e+01   1.5652778e+04   1.0000000e+04   0.0000000e+00
   3.1400000e+01   1.5638889e+04   1.0000000e+04   0.0000000e+00
   3.1500000e+01   1.5625000e+04   1.0000000e+04   0.0000000e+00
   3.1600000e+01   1.5611111e+04   1.0000000e+04   0.0000000e+00
   3.1700000e+01   1.5597222e+04   1.0000000e+04   0.0000000e+00
   3.1800000e+01   1.5583333e+04   1.0000000e+04   0.0000000e+00
   3.1900000e+01   1.5569444e+04   1.0000000e+04   0.0000000e+00
   3.2000000e+01   1.5555556e+04   1.0000000e+04   0.0000000e+00
   3.2100000e+01   1.5541667e+04   1.0000000e+04   0.0000000e+00
   3.2200000e+01   1.5527778e+04   1.0000000e+04   0.0000000e+00
   3.2300000e+01   1.5513889e+04   1.0000000e+04   0.0000000e+00
   3.2400000e+01   1.5500000e+04   1.0000000e+04   0.0000000e+00
   3.2500000e+01   1.5486111e+04   1.0000000e+04   0.0000000e+00
   3.2600000e+01   1.5472222e+04   1.0000000e+04   0.0000000e+00
   3.2700000e+01   1.5458333e+04   1.0000000e+04   0.0000000e+00
   3.2800000e+01   1.5444444e+04   1.0000000e+04   0.0000000e+00
   3.2900000e+01   1.5430556e+04   1.0000000e+04   0.0000000e+00
   3.3000000e+01   1.5416667e+04   1.0000000e+04   0.0000000e+00
   3.3100000e+01   1.5402778e+04   1.0000000e+04   0.0000000e+00
   3.3200000e+01   1.5388889e+04   1.0000000e+04   0.0000000e+00
   3.3300000e+01   1.5375000e+04   1.0000000e+04   0.0000000e+00
   3.3400000e+01   1.5361111e+04   1.0000000e+04   0.0000000e+00
   3.3500000e+01   1.5347222e+04   1.0000000e+04   0.0000000e+00
   3.3600000e+01   1.5333333e+04   1.0000000e+04   0.0000000e+00
   3.3700000e+01   1.5319444e+04   1.0000000e+04   0.0000000e+00
   3.3800000e+01   1.5305556e+04   1.0000000e+04   0.0000000e+00
   3.3900000e+01   1.5291667e+04   1.0000000e+04   0.0000000e+00
   3.4000000e+01   1.5277778e+04   1.0000000e+04   0.0000000e+00
   3.4100000e+01   1.5263889e+04   1.0000000e+04   0.0000000e+00
   3.4200000e+01   1.5250000e+04   1.0000000e+04   0.0000000e+00
   3.4300000e+01   1.5236111e+04   1.0000000e+04   0.0000000e+00
   3.4400000e+01   1.5222222e+04   1.0000000e+04   0.0000000e+00
   3.4500000e+01   1.5208333e+04   1.0000000e+04   0.0000000e+00
   3.4600000e+01   1.5194444e+04   1.0000000e+04   0.0000000e+00
   3.4700000e+01   1.5180556e+04   1.0000000e+04   0.0000000e+00
   3.4800000e+01   1.5166667e+04   1.0000000e+04   0.0000000e+00
   3.4900000e+01   1.5152778e+04   1.0000000e+04   0.0000000e+00
   3.5000000e+01   1.5138889e+04   1.0000000e+04   0.0000000e+00
   3.5100000e+01   1.5125000e+04   1.0000000e+04   0.0000000e+00
   3.5200000e+01   1.5111111e+04   1.0000000e+04   0.0000000e+00
   3.5300000e+01   1.5097222e+04   1.0000000e+04   0.0000000e+00
   3.5400000e+01   1.5083333e+04   1.0000000e+04   0.0000000e+00
   3.5500000e+01   1.5069444e+04   1.0000000e+04   0.0000000e+00
   3.5600000e+01   1.5055556e+04   1.0000000e+04   0.0000000e+00
   3.5700000e+01   1.5041667e+04   1.0000000e+04   0.0000000e+00
   3.5800000e+01   1.5027778e+04   1.0000000e+04   0.0000000e+00
   3.5900000e+01   1.5013889e+04   1.0000000e+04   0.0000000e+00
   3.6000000e+01   1.5000000e+04   1.0000000e+04   0.0000000e+00
   3.6100000e+01   1.4986111e+04   1.0000000e+04   0.0000000e+00
   3.6200000e+01   1.4972222e+04   1.0000000e+04   0.0000000e+00
   3.6300000e+01   1.4958333e+04   1.0000000e+04   0.0000000e+00
   3.6400000e+01   1.4944444e+04   1.0000000e+04   0.0000000e+00
   3.6500000e+01   1.4930556e+04   1.0000000e+04   0.0000000e+00
   3.6600000e+01   1.4916667e+04   1.0000000e+04   0.0000000e+00
   3.6700000e+01   1.4902778e+04   1.0000000e+04   0.0000000e+00
   3.6800000e+01   1.4888889e+04   1.0000000e+04   0.0000000e+00
   3.6900000e+01   1.4875000e+04   1.0000000e+04   0.0000000e+00
   3.7000000e+01   1.4861111e+04   1.0000000e+04   0.0000000e+00
   3.7100000e+01   1.4847222e+04   1.0000000e+04   0.0000000e+00
   3.7200000e+01   1.4833333e+04   1.0000000e+04   0.0000000e+00
   3.7300000e+01   1.4819444e+04   1.0000000e+04   0.0000000e+00
   3.7400000e+01   1.4805556e+04   1.0000000e+04   0.0000000e+00
   3.7500000e+01   1.4791667e+04   1.0000000e+04   0.0000000e+00
   3.7600000e+01   1.4777778e+04   1.0000000e+04   0.0000000e+00
   3.7700000e+01   1.4763889e+04   1.0000000e+04   0.0000000e+00
   3.7800000e+01   1.4750000e+04   1.0000000e+04   0.0000000e+00
   3.7900000e+01   1.4736111e+04   1.0000000e+04   0.0000000e+00
   3.8000000e+01   1.4722222e+04   1.0000000e+04   0.0000000e+00
   3.8100000e+01   1.4708333e+04   1.0000000e+04   0.0000000e+00
   3.8200000e+01   1.4694444e+04   1.0000000e+04   0.0000000e+00
   3.8300000e+01   1.4680556e+04   1.0000000e+04   0.0000000e+00
   3.8400000e+01   1.4666667e+04   1.0000000e+04   0.0000000e+00
   3.8500000e+01   1.4652778e+04   1.0000000e+04   0.0000000e+00
   3.8600000e+01   1.4638889e+04   1.0000000e+04   0.0000000e+00
   3.8700000e+01   1.4625000e+04   1.0000000e+04   0.0000000e+00
   3.8800000e+01   1.4611111e+04   1.0000000e+04   0.0000000e+00
   3.8900000e+01   1.4597222e+04   1.0000000e+04   0.0000000e+00
   3.9000000e+01   1.4583333e+04   1.0000000e+04   0.0000000e+00
   3.9100000e+01   1.4569444e+04   1.0000000e+04   0.0000000e+00
   3.9200000e+01   1.4555556e+04   1.0000000e+04   0.0000000e+00
   3.9300000e+01   1.4541667e+04   1.0000000e+04   0.0000000e+00
   3.9400000e+01   1.4527778e+04   1.0000000e+04   0.0000000e+00
   3.9500000e+01   1.4513889e+04   1.0000000e+04   0.0000000e+00
   3.9600000e+01   1.4500000e+04   1.0000000e+04   0.0000000e+00
   3.9700000e+01   1.4486111e+04   1.0000000e+04   0.0000000e+00
   3.9800000e+01   1.4472222e+04   1.0000000e+04   0.0000000e+00
   3.9900000e+01   1.4458333e+04   1.0000000e+04   0.0000000e+00
   4.0000000e+01   1.4444444e+04   1.0000000e+04   0.0000000e+00
